0,1,2,3,4,5,6,7,8,9,10,11,12,13,14,15,16,17,18,19,20,21,22,23,24,25,26,27,28,29,30,31,32,33,34,35,36,37,38,39,40,41,42,43,44,45,46,47,48,49,50,51,52,53,54,55,56,57,58,59,60,61,62,63,64,65,66,67,68,69,70,71,72,73,74,75,76,77,78,79,80,81,82,83,84,85,86,87,88,89,90,91,92,93,94,95,96,97,98,99,100,101,102,103,104,105,106,107,108,109,110,111,112,113,114,115,116,117,118,119,120,121,122,123,124,125,126,127,128,129,130,131,asana
0.4981419146060943,0.3939879536628723,-0.1605079025030136,0.9999938011169434,0.5032957792282104,0.3865312337875366,-0.1550345718860626,0.9999790191650392,0.5058552026748657,0.3864755034446716,-0.155067041516304,0.9999817609786988,0.5084953904151917,0.3864962458610534,-0.1550929546356201,0.9999833106994628,0.4981158673763275,0.3866226971149444,-0.1473272293806076,0.999974489212036,0.4968841075897217,0.3865945935249328,-0.1473290771245956,0.9999717473983764,0.4956610202789306,0.3865907788276672,-0.147310733795166,0.9999688863754272,0.5161877870559692,0.3907460570335388,-0.1027855724096298,0.9999849796295166,0.5005303621292114,0.3898957073688507,-0.0683832764625549,0.9999337196350098,0.5037610530853271,0.4043739736080169,-0.1401723772287368,0.9999945163726808,0.4976784586906433,0.4034128487110138,-0.1302119642496109,0.9999885559082032,0.5381274223327637,0.4430111646652221,-0.0830048397183418,0.999996542930603,0.4841956198215484,0.4488133192062378,0.0146289048716425,0.9999511241912842,0.5613565444946289,0.5004197955131531,-0.0772044509649276,0.9990528225898744,0.4658517241477966,0.5116286873817444,0.0586230531334877,0.9152764081954956,0.5792698860168457,0.5497960448265076,-0.1434054225683212,0.9977185726165771,0.4487953186035156,0.5665200352668762,-0.0037364843301475,0.959417760372162,0.5859870314598083,0.568809449672699,-0.165571317076683,0.9930509328842164,0.4406200051307678,0.5855616927146912,-0.0161604210734367,0.9206429719924928,0.5819051265716553,0.5712570548057556,-0.187542587518692,0.993838369846344,0.4413513243198395,0.5860074758529663,-0.0451558083295822,0.9283971786499025,0.5791798830032349,0.5644711256027222,-0.1530264317989349,0.991891622543335,0.4445947706699371,0.5800117254257202,-0.0177219118922948,0.9230235815048218,0.5238744616508484,0.5678802132606506,-0.0298719517886638,0.999642252922058,0.4920074045658111,0.5681702494621277,0.0298970937728881,0.9994284510612488,0.5152767896652222,0.6729310154914856,-0.0397847741842269,0.9787523150444032,0.4935989379882812,0.6739528179168701,0.0213540848344564,0.9603260159492492,0.5168735384941101,0.7639115452766418,0.0315662510693073,0.9809274673461914,0.4963716864585876,0.7633742690086365,0.0966912508010864,0.9646424651145936,0.5184859037399292,0.7775325775146484,0.0325510948896408,0.795800507068634,0.5013301968574524,0.7745376229286194,0.0980599150061607,0.8376128673553467,0.5083059668540955,0.7861147522926331,-0.0578425005078315,0.9687070846557616,0.4805138707160949,0.7855294942855835,0.0185132641345262,0.9596298336982728,tree
0.4978681206703186,0.3927673101425171,-0.136024996638298,0.9999922513961792,0.5035035014152527,0.3844853043556213,-0.1281450539827346,0.9999667406082152,0.5060897469520569,0.3843468725681305,-0.1281865835189819,0.9999722242355348,0.5089198350906372,0.3843399286270141,-0.1282088905572891,0.999971866607666,0.4981276988983154,0.3852428793907165,-0.1215133443474769,0.9999648332595824,0.496929258108139,0.3854487240314483,-0.1214955076575279,0.9999613761901855,0.4959680438041687,0.3856580555438995,-0.1214532703161239,0.9999557733535768,0.5169738531112671,0.3894916176795959,-0.0730219632387161,0.999976634979248,0.4994437098503113,0.390217512845993,-0.0417211763560771,0.9999175071716307,0.5034973621368408,0.4019308686256408,-0.1151889711618423,0.9999914169311525,0.4971042275428772,0.4015693068504333,-0.1060808300971984,0.999983549118042,0.5395203828811646,0.4390422701835632,-0.0592459551990032,0.9999974966049194,0.4848803877830505,0.4472544491291046,0.0332971960306167,0.9999488592147828,0.5714213252067566,0.4893853962421417,-0.0682105123996734,0.9992035031318665,0.4623744487762451,0.5068721771240234,0.066464751958847,0.917858064174652,0.5928459167480469,0.5345894694328308,-0.1539039015769958,0.997809112071991,0.4404774606227875,0.558120608329773,0.0014671458629891,0.9606714248657228,0.6015155911445618,0.5525532364845276,-0.1780669391155243,0.993317723274231,0.4315313696861267,0.5757029056549072,-0.0121652260422706,0.9188799858093262,0.5985188484191895,0.5537973046302795,-0.199066549539566,0.9941839575767516,0.43218994140625,0.5762745141983032,-0.0402568951249122,0.9259435534477234,0.5952398180961609,0.5490866899490356,-0.1642356365919113,0.992747962474823,0.4353670179843902,0.571374773979187,-0.012554982677102,0.9239057898521424,0.5233992338180542,0.5642040371894836,-0.0322409570217132,0.9995808005332948,0.4913257658481598,0.5656415224075317,0.0322665944695472,0.9992489218711852,0.5163849592208862,0.6693617701530457,-0.0388714112341403,0.9862076044082642,0.4945186674594879,0.6706305146217346,0.0278956033289432,0.962700128555298,0.5199872851371765,0.7589111924171448,0.0322338640689849,0.9847976565361024,0.4993272423744201,0.759143590927124,0.1016158834099769,0.965377688407898,0.5194228291511536,0.7709999084472656,0.0333272218704223,0.7869337201118469,0.5044323205947876,0.7705802917480469,0.1029112190008163,0.8524380922317505,0.5136459469795227,0.7852148413658142,-0.0601221434772014,0.9728121757507324,0.4808931946754455,0.7848894000053406,0.0245214868336915,0.9639160633087158,tree
0.4976552128791809,0.394347608089447,-0.184631198644638,0.9999290704727172,0.5027793645858765,0.3863018751144409,-0.1805178970098495,0.9996811151504515,0.5051575303077698,0.3860543668270111,-0.180552676320076,0.9997674822807312,0.5077757239341736,0.3859529495239258,-0.1805940866470337,0.9997521042823792,0.4985202252864837,0.3871154189109802,-0.1706102043390274,0.9996588230133056,0.4977852702140808,0.3872951567173004,-0.1706031262874603,0.9996379613876344,0.4971149563789367,0.3874940872192383,-0.1705727726221084,0.9995397329330444,0.516913890838623,0.3910444378852844,-0.132089078426361,0.999790608882904,0.501868724822998,0.3926294445991516,-0.0848461613059043,0.9992221593856812,0.5029663443565369,0.4030283093452453,-0.1654461473226547,0.9999010562896729,0.4978225827217102,0.4029199481010437,-0.15170419216156,0.9997803568840028,0.5430905222892761,0.4413987398147583,-0.1074496284127235,0.999984622001648,0.4842115044593811,0.4478713572025299,-0.0022722010035067,0.9998239874839784,0.5785797834396362,0.4745270907878876,-0.1392643749713897,0.9992948770523072,0.4574330449104309,0.4967648386955261,0.0476876348257064,0.9654123783111572,0.6053375601768494,0.5104196071624756,-0.252469539642334,0.9971539974212646,0.4326531887054443,0.5423765778541565,-0.0114802215248346,0.9793816804885864,0.6183269023895264,0.5276294946670532,-0.2804548740386963,0.9911593794822692,0.423350989818573,0.5564137697219849,-0.0225107297301292,0.9490692615509032,0.6162341237068176,0.5303639769554138,-0.3009065985679626,0.992661714553833,0.423433244228363,0.5572847723960876,-0.0510672107338905,0.9554644227027892,0.6112995147705078,0.5257993936538696,-0.2634934782981872,0.9908220767974854,0.4265827536582947,0.5542080998420715,-0.0254396293312311,0.9530737400054932,0.5246094465255737,0.5636239647865295,-0.0388728640973567,0.9987927675247192,0.4915714859962463,0.5652716159820557,0.0389652512967586,0.998499035835266,0.5151876211166382,0.666863739490509,-0.0633370801806449,0.9801589250564576,0.4929553568363189,0.6694666743278503,0.0244912393391132,0.9506673812866212,0.5176964402198792,0.7603739500045776,0.0034626715350896,0.982982099056244,0.4977736473083496,0.7615876793861389,0.0931130573153495,0.9554049968719482,0.5174936652183533,0.7715906500816345,0.0044683208689093,0.856441080570221,0.5036154389381409,0.7725974321365356,0.093656450510025,0.8667008876800537,0.5114141702651978,0.7805286049842834,-0.0899452194571495,0.9708921313285828,0.4780921936035156,0.7848864197731018,0.0107395388185977,0.952522337436676,tree
0.4989887177944183,0.3943987786769867,-0.1246444955468177,0.999985694885254,0.503546953201294,0.3868638277053833,-0.1185892596840858,0.9999364614486694,0.506074070930481,0.3863698840141296,-0.1186178475618362,0.9999536275863647,0.5086697936058044,0.385882019996643,-0.1186633110046386,0.9999477863311768,0.4990464746952057,0.3882163166999817,-0.1096663028001785,0.9999297857284546,0.4982832074165344,0.3886370062828064,-0.1096306294202804,0.99992036819458,0.4975691437721252,0.389087975025177,-0.1095633134245872,0.9998946189880372,0.5172570943832397,0.3898873329162597,-0.069099374115467,0.9999548196792604,0.5015491247177124,0.3935593664646148,-0.0255390889942646,0.9998714923858644,0.5051124691963196,0.40245121717453,-0.1059679016470909,0.9999765157699584,0.4990297257900238,0.4026419520378113,-0.0931625738739967,0.9999397993087769,0.5442136526107788,0.437717467546463,-0.0540732033550739,0.9999958276748656,0.484961450099945,0.4472039341926574,0.0447988286614418,0.9999161958694458,0.5804922580718994,0.4681609272956848,-0.0904256254434585,0.999505877494812,0.4578612446784973,0.4897626340389251,0.1273255795240402,0.9608550071716307,0.6095863580703735,0.5001896023750305,-0.1926602870225906,0.9975099563598632,0.4320918023586273,0.5300253629684448,0.1379857957363128,0.9816369414329528,0.6228554248809814,0.513282060623169,-0.2170474231243133,0.9909111857414246,0.4214515686035156,0.5448219776153564,0.1365431398153305,0.9509941339492798,0.6200805306434631,0.5140911340713501,-0.2397421598434448,0.9928635954856871,0.4209238886833191,0.5462151169776917,0.1126710399985313,0.9564132690429688,0.6143614649772644,0.5103636384010315,-0.2052004784345626,0.99247944355011,0.4242621064186096,0.5427575707435608,0.1274402290582656,0.954926609992981,0.5269156694412231,0.5631361603736877,-0.0370443277060985,0.9996503591537476,0.4926883280277252,0.5652311444282532,0.0371416509151458,0.99950909614563,0.516501784324646,0.6655215620994568,-0.0674680471420288,0.9776886701583862,0.4945577979087829,0.6676555275917053,0.0252770539373159,0.958544373512268,0.5181121230125427,0.7610673904418945,-0.0048203049227595,0.9858700037002563,0.4996568262577057,0.7591865062713623,0.0926458686590194,0.966760754585266,0.5193354487419128,0.775066614151001,-0.0035977833904325,0.8677191138267517,0.5049512386322021,0.7722414135932922,0.0934609249234199,0.8996502757072449,0.5133405327796936,0.7810482382774353,-0.0966716483235359,0.9731881022453308,0.4778047204017639,0.781962513923645,0.0151001634076237,0.9667735695838928,tree
0.4977520108222961,0.392659991979599,-0.1446431130170822,0.9999786615371704,0.5031328797340393,0.3845025897026062,-0.1367010772228241,0.9999074935913086,0.5056183338165283,0.3841978907585144,-0.1367224007844925,0.99993896484375,0.508186399936676,0.3839616179466247,-0.1367491781711578,0.9999228715896606,0.4982662796974182,0.385223925113678,-0.128279224038124,0.9998862743377686,0.4972532391548157,0.3855148553848266,-0.1282754242420196,0.999886155128479,0.4964179992675781,0.3858194947242737,-0.1281999498605728,0.9998601675033568,0.5175055265426636,0.3886860609054565,-0.0780422389507293,0.9999397993087769,0.5010545253753662,0.3903624415397644,-0.0380728766322135,0.999830722808838,0.5039928555488586,0.4014075994491577,-0.1230296641588211,0.999951720237732,0.49750417470932,0.4013232588768005,-0.1112296134233474,0.9998947381973268,0.5455011129379272,0.4351329505443573,-0.0574269592761993,0.9999889135360718,0.4836155772209167,0.4438357353210449,0.0414050109684467,0.9997913241386414,0.5838515162467957,0.4530571103096008,-0.0965710282325744,0.9997541308403016,0.4547953605651855,0.4774544537067413,0.1554074138402938,0.9773019552230836,0.6169100999832153,0.471016377210617,-0.2009443789720535,0.9991815686225892,0.4271731972694397,0.5102982521057129,0.1936206072568893,0.993664026260376,0.6336682438850403,0.4819981753826141,-0.2254839390516281,0.9954635500907898,0.4155265688896179,0.5220558643341064,0.1982937008142471,0.9792993664741516,0.6326837539672852,0.482072651386261,-0.2500428855419159,0.9963474869728088,0.415724366903305,0.5222997665405273,0.1751425564289093,0.9814181923866272,0.6262741088867188,0.4790468215942383,-0.2148293256759643,0.9961703419685364,0.4196818768978119,0.5196869373321533,0.1844903379678726,0.9809975028038024,0.5255920886993408,0.5647234320640564,-0.0324517488479614,0.999631404876709,0.4902502596378326,0.5662941336631775,0.0325583405792713,0.9996272325515748,0.5168123245239258,0.6657211780548096,-0.049052856862545,0.9853082299232484,0.493458092212677,0.669899582862854,0.0259938891977071,0.9788852334022522,0.5180711150169373,0.7581704258918762,0.0412927716970443,0.9856790900230408,0.4983398020267486,0.7612329125404358,0.1079086661338806,0.984735369682312,0.5176120400428772,0.7668525576591492,0.0455645769834518,0.8924606442451477,0.502978503704071,0.7706682682037354,0.109904907643795,0.9207102060317992,0.5174421072006226,0.7807810306549072,-0.0435574427247047,0.9809091091156006,0.4800044596195221,0.7870516180992126,0.0278474874794483,0.981848120689392,tree
0.4992430210113525,0.391966700553894,-0.1229458227753639,0.99998939037323,0.5043639540672302,0.3834288418292999,-0.1138321608304977,0.9999579191207886,0.5069059133529663,0.3830397427082062,-0.113845981657505,0.999974250793457,0.5093861222267151,0.3826815485954284,-0.1138668805360794,0.999964714050293,0.4994625449180603,0.3848784565925598,-0.1059487909078598,0.9999468326568604,0.4985119700431824,0.3852834701538086,-0.1059492081403732,0.9999490976333618,0.4977260231971741,0.3857801556587219,-0.1058720201253891,0.9999358654022216,0.5180816054344177,0.3875736594200134,-0.0557349994778633,0.9999717473983764,0.5017850995063782,0.3900245428085327,-0.0189906004816293,0.9999409914016724,0.5057474374771118,0.400479108095169,-0.1023408398032188,0.999975323677063,0.4989218711853027,0.4005469679832458,-0.0914522856473922,0.9999468326568604,0.5467578768730164,0.4350806474685669,-0.0490439422428607,0.9999908208847046,0.4829902052879333,0.4440253973007202,0.0611225478351116,0.999771773815155,0.5834201574325562,0.4457058012485504,-0.0903779491782188,0.9997565150260924,0.4522863328456878,0.4729017615318298,0.1951719671487808,0.9727500081062316,0.6202797293663025,0.4578404724597931,-0.1768108457326889,0.9990459084510804,0.4222899079322815,0.5020660758018494,0.2828317880630493,0.992986261844635,0.6381469964981079,0.4664014279842376,-0.1953913867473602,0.9944942593574524,0.4121296405792236,0.5111069083213806,0.2983863353729248,0.976234257221222,0.6381977200508118,0.4659300744533539,-0.221601516008377,0.9958351850509644,0.4124513268470764,0.5110363364219666,0.279812216758728,0.9785926938056946,0.6326179504394531,0.4644593894481659,-0.191159650683403,0.9960811734199524,0.4160252213478088,0.509178638458252,0.2767042517662048,0.9792599678039552,0.5260670185089111,0.5693409442901611,-0.0364062935113906,0.999604880809784,0.490483820438385,0.570999264717102,0.0364474020898342,0.9996287822723388,0.5163884162902832,0.6657590866088867,-0.0344216264784336,0.9867114424705504,0.4924539923667907,0.6697447299957275,0.0439700782299041,0.9780570864677428,0.5181453227996826,0.7573682069778442,0.0560614168643951,0.9881267547607422,0.4985988736152649,0.7604898810386658,0.1317912489175796,0.9841371774673462,0.5174145698547363,0.767106294631958,0.0608522109687328,0.9184346199035645,0.5030515789985657,0.7709899544715881,0.134581983089447,0.9258376955986024,0.5159984230995178,0.7777378559112549,-0.0226335823535919,0.9825457334518432,0.4795463979244232,0.7841002345085144,0.0595612451434135,0.9838137626647948,tree
0.5027322173118591,0.392658531665802,-0.1875574588775634,0.9999752044677734,0.5073460340499878,0.3851343989372253,-0.1780280917882919,0.9999074935913086,0.5097407102584839,0.3848575353622436,-0.1780245304107666,0.9999539852142334,0.5124516487121582,0.3847150206565857,-0.1780303865671157,0.999922513961792,0.5019022822380066,0.3860679864883423,-0.1702576130628585,0.999849796295166,0.500657320022583,0.3863695859909057,-0.1702846735715866,0.9998830556869508,0.4994358122348785,0.3867795169353485,-0.1702087521553039,0.9998449087142944,0.5194959044456482,0.3882048428058624,-0.1126967072486877,0.9999387264251708,0.5023319125175476,0.3905706405639648,-0.0765798017382621,0.9998855590820312,0.5092784762382507,0.4010593593120575,-0.1645337045192718,0.9999450445175172,0.5020936727523804,0.4011884927749634,-0.1538153141736984,0.9998631477355956,0.5463045239448547,0.432602971792221,-0.1092094033956527,0.9999918937683104,0.4822739660739898,0.4402974843978882,0.0239969380199909,0.999308705329895,0.5837175250053406,0.4231651425361633,-0.1834400743246078,0.9998739957809448,0.4495508074760437,0.4611417651176452,0.2108995616436004,0.9659119248390198,0.6247403025627136,0.4270142912864685,-0.2989992201328277,0.9993738532066344,0.4167523384094238,0.483096718788147,0.3756139278411865,0.9924221634864808,0.6431523561477661,0.4324400126934051,-0.3202201426029205,0.9951973557472228,0.408513605594635,0.4898405075073242,0.4052989482879638,0.9723716974258424,0.6426990628242493,0.4308716952800751,-0.3484045267105102,0.9965187311172484,0.4086118340492248,0.4901959598064422,0.3902846276760101,0.9746643900871276,0.636009156703949,0.4301448762416839,-0.3157061040401459,0.9967957139015198,0.4117184579372406,0.4891510009765625,0.3732651770114898,0.9755542874336244,0.5245912671089172,0.5697780251502991,-0.045461781322956,0.999739110469818,0.4883840978145599,0.5702016949653625,0.0454097092151641,0.9997106194496156,0.5160982012748718,0.6687314510345459,-0.0299089513719081,0.992241621017456,0.4927476942539215,0.6720707416534424,0.0752203091979026,0.9766948223114014,0.5175687074661255,0.7624753713607788,0.0680498331785202,0.9961250424385072,0.4984343647956848,0.7599024176597595,0.18560191988945,0.9900797605514526,0.5178090333938599,0.7732813358306885,0.0736836269497871,0.9600666165351868,0.5028658509254456,0.770857572555542,0.1900547295808792,0.952856421470642,0.5118230581283569,0.7813260555267334,-0.0202973578125238,0.994706928730011,0.4795952439308166,0.7838447093963623,0.112402893602848,0.9924620985984802,tree
0.5027385354042053,0.3884277939796448,-0.164135068655014,0.999970555305481,0.5076264142990112,0.3812413811683655,-0.153561070561409,0.9998810291290284,0.5104366540908813,0.3812691569328308,-0.1535679548978805,0.9999384880065918,0.5133273005485535,0.3814038038253784,-0.1535592377185821,0.9998948574066162,0.5016592144966125,0.381774365901947,-0.1453261822462082,0.9998157620429992,0.5000916123390198,0.3821488618850708,-0.1453460454940796,0.9998517036437988,0.4985205233097076,0.3826752603054046,-0.1452797353267669,0.9998074173927308,0.519963264465332,0.3864229917526245,-0.0894819572567939,0.9999032020568848,0.5002961754798889,0.3883405923843384,-0.0516134090721607,0.9998573064804076,0.5092135667800903,0.3975809216499328,-0.1423622071743011,0.9999148845672609,0.5011165142059326,0.3977048993110657,-0.1310619264841079,0.999818742275238,0.54417484998703,0.4326097667217254,-0.0930363088846206,0.9999845027923584,0.4809737801551819,0.4399504661560058,0.0402280874550342,0.999134123325348,0.5810196399688721,0.4199113547801971,-0.180660679936409,0.9997339844703674,0.4480506479740143,0.4558373391628265,0.2141092717647552,0.951693594455719,0.6228840351104736,0.4152091145515442,-0.3120222091674804,0.9989681243896484,0.4189129769802093,0.4707183241844177,0.3737900555133819,0.9879989624023438,0.640944242477417,0.416524589061737,-0.3345734477043152,0.9932947754859924,0.4102845788002014,0.4772981405258178,0.4031296670436859,0.957504391670227,0.6412264704704285,0.4155550897121429,-0.3620890974998474,0.9950478076934814,0.4110434055328369,0.4768303036689758,0.3909322917461395,0.9602599143981934,0.6340799927711487,0.4164275527000427,-0.3291404247283935,0.9955280423164368,0.4142931997776031,0.4756930768489837,0.3722831606864929,0.9630466103553772,0.5254985094070435,0.571494460105896,-0.0432180911302566,0.9996579885482788,0.4899001121520996,0.5723339319229126,0.0432014241814613,0.9996192455291748,0.5170913934707642,0.6697739362716675,-0.0261412560939788,0.9897101521492004,0.4935406744480133,0.6704668402671814,0.0717889890074729,0.9744110107421876,0.517976701259613,0.759434700012207,0.0719654485583305,0.9946028590202332,0.4984646737575531,0.7587308287620544,0.1797088235616684,0.9890747666358948,0.5173410177230835,0.7700117826461792,0.0774578377604484,0.95561420917511,0.5029883980751038,0.7694950103759766,0.1836641281843185,0.9538564085960388,0.513279914855957,0.7805367708206177,-0.0167448855936527,0.993209421634674,0.4801172316074371,0.7833961844444275,0.1045042723417282,0.9915144443511964,tree
0.5049328207969666,0.3921190202236175,-0.1888507157564163,0.9999191761016846,0.5100305676460266,0.3847553133964538,-0.1776107251644134,0.9997184872627258,0.5124959349632263,0.3847128748893738,-0.1776200234889984,0.9998433589935304,0.5150987505912781,0.384805679321289,-0.1776268035173416,0.9997500777244568,0.5040992498397827,0.3848795592784881,-0.1713911741971969,0.999541163444519,0.5025097131729126,0.3849940299987793,-0.1714247614145279,0.999637007713318,0.5009438991546631,0.3851865828037262,-0.1713714897632599,0.9995567202568054,0.5204033851623535,0.3879725635051727,-0.1059680432081222,0.9997511506080629,0.5024944543838501,0.3882671296596527,-0.0776973813772201,0.999683141708374,0.5101933479309082,0.3996993601322174,-0.1636627167463302,0.999783217906952,0.5027328729629517,0.3992053866386413,-0.1552483141422271,0.9995386600494384,0.5446071624755859,0.4297610521316528,-0.1046584025025367,0.9999780654907228,0.4807526171207428,0.4350690543651581,0.0164164472371339,0.9985016584396362,0.5815601944923401,0.4048454165458679,-0.2024063616991043,0.9996870756149292,0.4461122155189514,0.4426400065422058,0.2018621265888214,0.9469021558761596,0.6251562237739563,0.3933596611022949,-0.3477567136287689,0.9989901185035706,0.420945942401886,0.4492417275905609,0.3766440451145172,0.9793621301651,0.6412732005119324,0.3921775817871094,-0.3740096092224121,0.992932677268982,0.4140182435512543,0.4523522555828094,0.4063472151756286,0.9347878098487854,0.6427206993103027,0.3910866379737854,-0.4005102217197418,0.9945849776268004,0.4148025512695312,0.4534695744514465,0.3953593969345093,0.9384379982948304,0.6362009048461914,0.3924002051353454,-0.3656845390796661,0.9949957132339478,0.4174031317234039,0.4537907242774963,0.3760954737663269,0.9408810138702391,0.5256123542785645,0.5766464471817017,-0.0400960408151149,0.9996912479400636,0.4889548420906067,0.5755482316017151,0.0400706715881824,0.9996329545974731,0.5170125961303711,0.6758938431739807,-0.0171137526631355,0.987859308719635,0.4942378401756286,0.6731613874435425,0.0840591192245483,0.9744815230369568,0.517021894454956,0.761301577091217,0.0859010145068168,0.9911409020423888,0.4980039000511169,0.7547516226768494,0.2135991603136062,0.9840813875198364,0.5167752504348755,0.771770715713501,0.0916274562478065,0.9221615195274352,0.5018243193626404,0.7658874988555908,0.2199553251266479,0.9281087517738342,0.5137038826942444,0.7853596210479736,-0.0080257598310709,0.9896728992462158,0.4836150705814361,0.7832228541374207,0.139468178153038,0.9874496459960938,tree
0.5044896006584167,0.3906890153884887,-0.1646470129489898,0.999785840511322,0.5097467303276062,0.3837700188159942,-0.1535713821649551,0.9992331266403198,0.5123243927955627,0.3837666511535644,-0.153605967760086,0.9993935823440552,0.5151879191398621,0.3838486075401306,-0.1536605656147003,0.9993509650230408,0.5032714605331421,0.3841677904129028,-0.1473600715398788,0.9989820122718812,0.5015814304351807,0.384411484003067,-0.1473765969276428,0.9988633394241332,0.4999330043792724,0.3847156763076782,-0.1473586857318878,0.9986808896064758,0.5215092301368713,0.3875470161437988,-0.0867292433977127,0.999154806137085,0.5014942288398743,0.3888620138168335,-0.0570035502314567,0.998277187347412,0.5105941295623779,0.3981969952583313,-0.1400282084941864,0.9992483258247375,0.5019556879997253,0.3979269564151764,-0.1315591633319854,0.998570442199707,0.5457167029380798,0.4278551936149597,-0.0781169086694717,0.9998767375946044,0.4836882650852203,0.4344292283058166,0.0044846669770777,0.9972966313362122,0.5782378315925598,0.3996862471103668,-0.1569318920373916,0.997255265712738,0.4509495794773102,0.4318133592605591,0.079543724656105,0.9047245383262634,0.622783899307251,0.3716179728507995,-0.2739302515983581,0.9950646758079528,0.4264360070228576,0.4264637529850006,0.1231673508882522,0.9037588238716124,0.6379566192626953,0.3674593269824981,-0.3006755113601684,0.9822238087654114,0.4168710112571716,0.4302924275398254,0.1279168576002121,0.7817471623420715,0.6393159627914429,0.3655375838279724,-0.3197660744190216,0.9846197962760924,0.4192236959934234,0.4295333623886108,0.1141494363546371,0.7898862957954407,0.6334370970726013,0.3675463795661926,-0.2881367206573486,0.983734130859375,0.4239740967750549,0.4295813739299774,0.1166975945234298,0.8079696297645569,0.5271157622337341,0.5745534896850586,-0.0324512980878353,0.9996469020843506,0.4917143881320953,0.5750888586044312,0.0325990244746208,0.9991990923881532,0.5184581279754639,0.6746992468833923,-0.0217020250856876,0.9811505675315856,0.4949325919151306,0.673982560634613,0.0852360054850578,0.9603297114372252,0.5189412832260132,0.7601423859596252,0.0904698371887207,0.9776878952980042,0.4981969892978668,0.7539224624633789,0.2250256091356277,0.967539370059967,0.5179280638694763,0.7700887322425842,0.0967053994536399,0.8539146184921265,0.5026828050613403,0.7662116289138794,0.2336700856685638,0.8975569605827332,0.5171450972557068,0.7867025136947632,-0.0050057442858815,0.9751880764961244,0.4839603304862976,0.785807192325592,0.1526507288217544,0.9695298671722412,tree
0.5037897229194641,0.3897880017757416,-0.1712502092123031,0.9998879432678224,0.5094452500343323,0.383395254611969,-0.1588828861713409,0.999561846256256,0.5122274160385132,0.3835684657096863,-0.1589042991399765,0.9996076226234436,0.5150986909866333,0.383883386850357,-0.1589525640010833,0.9995918869972228,0.5028389096260071,0.3835798501968384,-0.1541959643363952,0.9995269775390624,0.5010866522789001,0.3837941884994507,-0.1542197316884994,0.9994805455207824,0.4994152188301086,0.3840034306049347,-0.1542093306779861,0.9993782043457032,0.520692765712738,0.3883668184280395,-0.0878954082727432,0.999491572380066,0.5008518099784851,0.3879783749580383,-0.0661297440528869,0.9990491271018982,0.50968998670578,0.3979729413986206,-0.1449855268001556,0.9994798302650452,0.5010796785354614,0.3968491554260254,-0.1389480978250503,0.9991806149482728,0.5439211130142212,0.4251709580421448,-0.0744980052113533,0.9998045563697816,0.4814636707305908,0.4315433502197265,-0.0157228596508502,0.998111605644226,0.5761938691139221,0.3893809616565704,-0.1378735601902008,0.9965775609016418,0.4478529095649719,0.4199259877204895,-0.0243383012712001,0.9420592188835144,0.619947612285614,0.350500613451004,-0.2317110300064087,0.994343400001526,0.4266784191131592,0.41057950258255,-0.0777443349361419,0.9243645071983336,0.6341215968132019,0.3446662127971649,-0.2563706040382385,0.9810540676116944,0.4187367558479309,0.4110058546066284,-0.0883077085018158,0.8204508423805237,0.6344461441040039,0.3435701131820678,-0.2719968259334564,0.9829110503196716,0.4207729399204254,0.4099367260932922,-0.1011452302336692,0.8271612524986267,0.629596471786499,0.3461342453956604,-0.2440243512392044,0.9819227457046508,0.4245255589485168,0.4111198186874389,-0.0868311896920204,0.8416135311126709,0.5262067914009094,0.5744541883468628,-0.0267351362854242,0.9996662139892578,0.490086019039154,0.5717508792877197,0.026809636503458,0.9992467164993286,0.5162701606750488,0.6756547689437866,-0.0132694896310567,0.9860897064208984,0.4934806823730469,0.6725198030471802,0.0672527402639389,0.9692031145095824,0.5176291465759277,0.7609702348709106,0.0952964797616005,0.9795178771018982,0.4982252717018127,0.7550307512283325,0.191373124718666,0.968961536884308,0.5173124074935913,0.7724621295928955,0.1004489660263061,0.8538986444473267,0.501945436000824,0.7681980729103088,0.1984405368566513,0.8908164501190186,0.5156911015510559,0.7868154644966125,-0.0030802565161138,0.97709459066391,0.4847196936607361,0.7840952277183533,0.1137983351945877,0.9701169729232788,tree
0.5043516159057617,0.3880315124988556,-0.1712478399276733,0.9998277425765992,0.5099045634269714,0.3807669579982757,-0.1584966331720352,0.9994187355041504,0.5127288103103638,0.3807798027992248,-0.1584958136081695,0.9994219541549684,0.5157009959220886,0.3809992671012878,-0.1585475951433181,0.999392867088318,0.5028406977653503,0.3813626170158386,-0.1539324223995208,0.9995086193084716,0.5008498430252075,0.3816673159599304,-0.1539796888828277,0.9994693398475648,0.498906522989273,0.3819722533226013,-0.153987631201744,0.999435007572174,0.5211687088012695,0.3870995342731476,-0.0866657271981239,0.9992628693580629,0.5003566741943359,0.3868675827980041,-0.064477302134037,0.9991008043289183,0.5107420682907104,0.3968903720378876,-0.1441459953784942,0.9991673231124878,0.5012314915657043,0.3962689042091369,-0.1380161643028259,0.9988569021224976,0.5442734360694885,0.423972487449646,-0.0719097033143043,0.9996032118797302,0.4827103018760681,0.4307211339473724,-0.0159964598715305,0.9981155395507812,0.5744979977607727,0.3785324692726135,-0.1048025861382484,0.9942725896835328,0.4517703950405121,0.4079437851905823,-0.0315112397074699,0.932547390460968,0.6120019555091858,0.3351109325885772,-0.155757337808609,0.9868011474609376,0.4315661787986755,0.390104740858078,-0.0759892165660858,0.9013456106185912,0.6249736547470093,0.3254338502883911,-0.1730314046144485,0.9611728191375732,0.4260224401950836,0.3879351615905761,-0.0830876678228378,0.7737331986427307,0.6257559657096863,0.3239396214485168,-0.1850517392158508,0.9649059772491456,0.4290936589241028,0.3887889981269836,-0.0938902795314788,0.7770013809204102,0.6209619641304016,0.3278498649597168,-0.1656434684991836,0.9628925323486328,0.4313494563102722,0.3911316692829132,-0.0836621820926666,0.7934851050376892,0.5243136286735535,0.5798373818397522,-0.0389888770878315,0.9995707869529724,0.4916312098503113,0.5784332156181335,0.0390805564820766,0.9991617202758788,0.5152119994163513,0.678138792514801,-0.0170189719647169,0.980362594127655,0.4944351315498352,0.6746329665184021,0.1225622445344924,0.8917429447174072,0.5168083906173706,0.7597179412841797,0.0835761651396751,0.9743744730949402,0.4983499944210052,0.7552940249443054,0.2767142653465271,0.927981436252594,0.5179749131202698,0.7720901966094971,0.0884485766291618,0.8584333658218384,0.5038914084434509,0.7686086297035217,0.2872925102710724,0.8793843984603882,0.5109957456588745,0.7853718400001526,-0.0144730238243937,0.972426176071167,0.4797633588314056,0.7845343351364136,0.2094428092241287,0.947596788406372,tree
0.5078486204147339,0.3895471692085266,-0.149155393242836,0.9998791217803956,0.5125877857208252,0.3813329935073852,-0.1360110938549041,0.999649167060852,0.5152132511138916,0.3811987638473511,-0.136014312505722,0.9996367692947388,0.5177761316299438,0.3812441825866699,-0.1360566169023513,0.9996143579483032,0.5058687925338745,0.3824834823608398,-0.1326339244842529,0.999697208404541,0.5038329362869263,0.3830427527427673,-0.1326678842306137,0.9996902942657472,0.501774787902832,0.3835813105106354,-0.1326846480369568,0.9996601343154908,0.5220059156417847,0.3851243853569031,-0.0591383352875709,0.9996381998062134,0.5021981000900269,0.3864306211471557,-0.0439795963466167,0.9994126558303832,0.513823926448822,0.3975970447063446,-0.1198910623788833,0.999478280544281,0.5050275325775146,0.3978714644908905,-0.1158787980675697,0.999237060546875,0.5445141792297363,0.4224544167518616,-0.0406416654586792,0.9995373487472534,0.4845148026943207,0.4255150556564331,-0.017975490540266,0.9986923336982728,0.5693567395210266,0.3736012578010559,-0.0789134353399276,0.9898772835731506,0.4594564437866211,0.4003139734268188,-0.1727095991373062,0.9548379778862,0.602976381778717,0.3205651938915252,-0.1170583218336105,0.9840765595436096,0.4387337565422058,0.3741209805011749,-0.380642294883728,0.950191617012024,0.6155053973197937,0.3072129786014557,-0.132632628083229,0.9568049907684326,0.4317904412746429,0.3705600500106811,-0.4147437512874603,0.8829923868179321,0.616125226020813,0.3047270476818084,-0.143422469496727,0.95969957113266,0.4342563152313232,0.3706242442131042,-0.418375164270401,0.8823530673980713,0.6115024089813232,0.3100006878376007,-0.1255354285240173,0.9571304321289062,0.4380519986152649,0.3735149502754211,-0.3905560076236725,0.8818666934967041,0.5270947217941284,0.5729508996009827,-0.0197796635329723,0.999624490737915,0.4922471940517425,0.5716413855552673,0.0197084099054336,0.9994369149208068,0.5173611044883728,0.6726908087730408,-0.0006003386806696,0.9902359843254088,0.4940056204795837,0.668800950050354,0.0630920976400375,0.963396430015564,0.5159932374954224,0.7571322917938232,0.0957090035080909,0.9805818200111388,0.4975294172763824,0.7524166107177734,0.182578444480896,0.9651755690574646,0.5165501832962036,0.7693997621536255,0.0992672964930534,0.8439536094665527,0.5012745261192322,0.764660120010376,0.1894857883453369,0.8823394179344177,0.5140241384506226,0.7814231514930725,0.0002492956409696,0.974053680896759,0.4823518395423889,0.7808895111083984,0.1084029898047447,0.9666783809661864,tree
0.5070176124572754,0.3872468173503876,-0.1524840891361236,0.9998718500137328,0.5116753578186035,0.380201518535614,-0.1403921991586685,0.9996637105941772,0.5140409469604492,0.3801402449607849,-0.1403997093439102,0.9996756315231324,0.5165280103683472,0.3802021741867065,-0.1404575556516647,0.9996615648269652,0.5061352849006653,0.3811812698841095,-0.1339679807424545,0.9996858835220336,0.504547655582428,0.3817498385906219,-0.1339848339557647,0.9996533393859864,0.5028794407844543,0.3823165893554687,-0.1340170204639434,0.9995900988578796,0.5222097039222717,0.3845110535621643,-0.0717927515506744,0.9997065663337708,0.5050033926963806,0.3859022855758667,-0.0432325862348079,0.9992600083351136,0.51235431432724,0.3943439126014709,-0.1268087476491928,0.999514102935791,0.5048721432685852,0.3951180279254913,-0.1189194172620773,0.9991289973258972,0.546562671661377,0.4224776923656463,-0.0659591406583786,0.999397039413452,0.4896160066127777,0.427825391292572,-0.0109720844775438,0.997937560081482,0.5680139660835266,0.3662614226341247,-0.1126677244901657,0.9928845763206482,0.4639415740966797,0.392257809638977,-0.1451458483934402,0.927650272846222,0.5971913933753967,0.3082615435123443,-0.1417180001735687,0.98872572183609,0.4432531893253326,0.3622244596481323,-0.343325525522232,0.9325874447822572,0.6083226203918457,0.2915616631507873,-0.1581433117389679,0.9693260788917542,0.4373359084129333,0.3571208119392395,-0.3758586645126343,0.8630388379096985,0.6081425547599792,0.2904673218727112,-0.1665488928556442,0.9702200293540956,0.4390001893043518,0.3567470908164978,-0.3787156939506531,0.8619409799575806,0.6041972637176514,0.2954747378826141,-0.1486349999904632,0.9687278866767884,0.4418847560882568,0.3597781360149383,-0.3534952104091644,0.8668185472488403,0.5288905501365662,0.574302077293396,-0.0238821152597665,0.999604880809784,0.494822084903717,0.5747330188751221,0.0238099116832017,0.9993459582328796,0.5180139541625977,0.6755994558334351,-0.0159867741167545,0.9876019358634948,0.4916760325431824,0.6753747463226318,0.0770402401685714,0.9528543949127196,0.5159105062484741,0.7577546238899231,0.1024100929498672,0.9674129486083984,0.4986201226711273,0.7555522322654724,0.2197253257036209,0.9447832703590392,0.5168088674545288,0.769149899482727,0.1087821274995803,0.8233696222305298,0.5031062364578247,0.7671113610267639,0.2291339933872223,0.8570269346237183,0.5158403515815735,0.7811758518218994,0.0142051381990313,0.956551432609558,0.4828445315361023,0.7810350060462952,0.1516243517398834,0.9431557059288024,tree
0.5104125738143921,0.3859329223632812,-0.1735671162605285,0.9998526573181152,0.5145791172981262,0.3796726763248443,-0.1595911830663681,0.9996548891067504,0.516908586025238,0.3796244859695434,-0.159595176577568,0.9996362924575806,0.5193235278129578,0.3796663582324981,-0.1596397757530212,0.9996024966239928,0.508776068687439,0.3805451989173889,-0.1584283411502838,0.9996776580810548,0.5070326328277588,0.3810882568359375,-0.1584609597921371,0.9996654987335204,0.5051563382148743,0.3816722631454468,-0.1584919691085815,0.9996086955070496,0.5235626101493835,0.3834523260593414,-0.0811458006501197,0.9995951056480408,0.50435870885849,0.385447084903717,-0.0773238986730575,0.9993547797203064,0.5152226686477661,0.3924747109413147,-0.1439414322376251,0.99947851896286,0.5077584981918335,0.3929123878479004,-0.1430850625038147,0.9991840720176696,0.5469740629196167,0.421121209859848,-0.0604016706347465,0.9990052580833436,0.489278644323349,0.4262192547321319,-0.0633173808455467,0.9976348876953124,0.5654773712158203,0.3656179308891296,-0.1066399812698364,0.9876920580863952,0.4651404917240143,0.3873831033706665,-0.2260244339704513,0.957194209098816,0.5921669006347656,0.3081557154655456,-0.1503030359745025,0.9814715385437012,0.4442285597324371,0.3547397553920746,-0.4281170964241028,0.9366764426231384,0.6023930311203003,0.290347546339035,-0.1686991304159164,0.947870135307312,0.4363548159599304,0.3455686569213867,-0.4658561646938324,0.8643093705177307,0.6022562384605408,0.2887379825115204,-0.1782097071409225,0.9506990313529968,0.4375069737434387,0.3446053862571716,-0.4681351780891418,0.8631519675254822,0.5984735488891602,0.2947292923927307,-0.1585515588521957,0.9510899782180786,0.4410433769226074,0.3489644825458526,-0.4377699494361877,0.8652805685997009,0.5291500091552734,0.5734853744506836,-0.0072994441725313,0.9995098114013672,0.4941657185554504,0.5727001428604126,0.007199521176517,0.9992772936820984,0.5206865668296814,0.6731082797050476,0.0060566742904484,0.988016963005066,0.4896649420261383,0.668803870677948,0.0351129323244094,0.973605215549469,0.5167253017425537,0.7613620162010193,0.1208104640245437,0.9767946600914,0.4976463913917541,0.7582204937934875,0.1552354991436004,0.9698631167411804,0.5157658457756042,0.7742242813110352,0.126552402973175,0.8804636001586914,0.5012499094009399,0.7716220021247864,0.1618639081716537,0.8714168667793274,0.519686758518219,0.7867497801780701,0.0338234342634677,0.9687345027923584,0.485027402639389,0.7864075303077698,0.0761441960930824,0.9648419618606568,tree
0.5082445740699768,0.3878033459186554,-0.1980924308300018,0.998885452747345,0.5126453638076782,0.3810110092163086,-0.1893627792596817,0.9973927736282348,0.5149653553962708,0.3807806074619293,-0.1893824189901352,0.997595489025116,0.5174976587295532,0.3807469010353088,-0.1894533783197403,0.9973899722099304,0.5076174736022949,0.3821629285812378,-0.1811707764863968,0.9974613189697266,0.5063052177429199,0.38259357213974,-0.1811906844377517,0.9969581365585328,0.5050033330917358,0.3830031752586365,-0.1812332868576049,0.9967724680900574,0.5232743620872498,0.3846030235290527,-0.127363383769989,0.9977046847343444,0.5067607760429382,0.3862837255001068,-0.088840901851654,0.9953128099441528,0.5131022334098816,0.3945668935775757,-0.1735481917858123,0.9950563907623292,0.5064491629600525,0.3950309753417969,-0.1625521332025528,0.9930232763290404,0.5478083491325378,0.4190140962600708,-0.1125416904687881,0.9963006973266602,0.4940316677093506,0.4247536659240722,-0.0384938195347785,0.995230197906494,0.5644190311431885,0.3607803285121918,-0.1735389828681945,0.99089515209198,0.4735268950462341,0.3849599957466125,-0.0750766992568969,0.9258983731269836,0.5851182341575623,0.2977169454097748,-0.2265166342258453,0.9689283967018129,0.4525137543678283,0.3397636711597442,-0.1768369376659393,0.9464333653450012,0.5935293436050415,0.2793614268302917,-0.2505329847335815,0.9230524897575378,0.4446660876274109,0.3307769000530243,-0.2002660781145095,0.880486786365509,0.5932760834693909,0.2772282063961029,-0.2577519416809082,0.924105167388916,0.4451315402984619,0.3291776776313782,-0.21023890376091,0.8822697997093201,0.5900204181671143,0.2830728888511657,-0.2343809306621551,0.927807867527008,0.4481441378593445,0.3325411975383758,-0.1874697059392929,0.894815981388092,0.5309467911720276,0.5692161917686462,-0.031285211443901,0.9985942244529724,0.4972363114356994,0.5656931400299072,0.0313689932227134,0.9988943934440612,0.523337721824646,0.6679826974868774,-0.0313819497823715,0.9784873127937316,0.4817310273647308,0.6561679244041443,0.0086185708642005,0.978317379951477,0.5163458585739136,0.756259560585022,0.0684234425425529,0.9627658724784852,0.4960730075836181,0.7543631792068481,0.1204389184713363,0.9674497842788696,0.5166075825691223,0.7701190114021301,0.072366327047348,0.8077846765518188,0.502881646156311,0.769013524055481,0.1260569542646408,0.914463996887207,0.5109567642211914,0.7749032974243164,-0.0217007044702768,0.9465395212173462,0.4732471406459808,0.778258740901947,0.0470848232507705,0.9576530456542968,tree
0.5078625082969666,0.3919832110404968,-0.1753855943679809,0.997982144355774,0.5122432112693787,0.3838253021240234,-0.1673941612243652,0.9947762489318848,0.5145400166511536,0.3832419216632843,-0.1674223691225052,0.994684875011444,0.5170033574104309,0.3827736675739288,-0.1674978584051132,0.9946238994598388,0.507238507270813,0.3848193287849426,-0.1580195873975753,0.9950377345085144,0.5060571432113647,0.3848367631435394,-0.1580495089292526,0.9938020706176758,0.504845380783081,0.3848365545272827,-0.1581072509288787,0.9941226840019226,0.5235879421234131,0.3859585523605346,-0.1092026382684707,0.994572937488556,0.5072051882743835,0.3877528011798858,-0.0644799321889877,0.991877555847168,0.5130542516708374,0.3989619612693786,-0.1522556990385055,0.9896591305732728,0.5065878629684448,0.39878910779953,-0.139490008354187,0.9859156608581544,0.5489038825035095,0.4177824854850769,-0.0994932800531387,0.9961917400360109,0.4948993325233459,0.4218851923942566,-0.0156601034104824,0.9947842955589294,0.5632566213607788,0.3597826957702636,-0.1555787175893783,0.9897839426994324,0.4770025610923767,0.3797727823257446,-0.0472711622714996,0.9255733489990234,0.5831517577171326,0.299015611410141,-0.1969261914491653,0.9569970965385436,0.4560983777046203,0.3341770768165588,-0.1431251019239425,0.9391785860061646,0.5909811854362488,0.2801573574542999,-0.2189562767744064,0.8989145159721375,0.4487758278846741,0.3243943154811859,-0.1656468659639358,0.8612834811210632,0.5908305644989014,0.276820570230484,-0.2236927449703216,0.8991138339042664,0.4494142532348633,0.3222910761833191,-0.1758700162172317,0.8618853688240051,0.587361216545105,0.2838674187660217,-0.2036909759044647,0.9046008586883544,0.451934278011322,0.3257069587707519,-0.1540566831827163,0.8809987902641296,0.5318484902381897,0.5698991417884827,-0.0397656671702861,0.998396098613739,0.4984398782253265,0.5654502511024475,0.0398287661373615,0.9986439347267152,0.5248941779136658,0.6735644936561584,-0.0445874407887458,0.97033429145813,0.4726313948631286,0.6505674719810486,-0.000615160446614,0.9672987461090088,0.5161943435668945,0.756045401096344,0.0553944706916809,0.9463160037994384,0.4933680891990661,0.7471248507499695,0.1311633735895156,0.9388251304626464,0.5169641375541687,0.7690236568450928,0.0596434250473976,0.7604920864105225,0.501515805721283,0.7613748908042908,0.1396838575601577,0.896446168422699,0.5107324719429016,0.7761150002479553,-0.0336455777287483,0.919943630695343,0.4687814116477966,0.7740800976753235,0.0711601376533508,0.9289656281471252,tree
0.5060796737670898,0.3878384232521057,-0.0846819579601287,0.9990666508674622,0.510543704032898,0.3807834386825561,-0.0820771381258964,0.9984323382377625,0.5130687952041626,0.380083292722702,-0.0821325480937957,0.998258650302887,0.5155352354049683,0.3796239793300628,-0.082214206457138,0.9985572695732116,0.5056649446487427,0.3826252520084381,-0.065217800438404,0.998431384563446,0.5046986937522888,0.383035659790039,-0.0652383416891098,0.9974551796913148,0.5036960244178772,0.3833785057067871,-0.0652806982398033,0.9981414079666138,0.5240224599838257,0.3831082582473755,-0.052938025444746,0.998548686504364,0.5083152651786804,0.3865220248699188,0.0259928740561008,0.9983172416687012,0.5120159387588501,0.3941901326179504,-0.0728231891989708,0.995736598968506,0.505893349647522,0.3953436911106109,-0.0499716438353061,0.994584619998932,0.5497632026672363,0.4174105823040008,-0.0622596926987171,0.9973832964897156,0.4999107718467712,0.4293890595436096,0.0807699859142303,0.9945453405380248,0.5633140206336975,0.3588182330131531,-0.1475006341934204,0.9931400418281556,0.4832313060760498,0.3817539811134338,0.1400094479322433,0.7816979885101318,0.5795072913169861,0.2939818203449249,-0.2062666118144989,0.9641129374504088,0.4643552899360657,0.3304418921470642,0.1156905740499496,0.8784613013267517,0.5863478183746338,0.2760389745235443,-0.231462687253952,0.9275326132774352,0.4581404626369476,0.3197047114372253,0.1039383187890052,0.78239905834198,0.5857729911804199,0.2741524279117584,-0.2362517863512039,0.9253856539726256,0.4579676687717438,0.3174821138381958,0.091694176197052,0.7874568700790405,0.5823003053665161,0.2802903056144714,-0.2129504233598709,0.9240112900733948,0.4603026509284973,0.3210397958755493,0.1056308895349502,0.8248549103736877,0.533534824848175,0.5659610033035278,-0.0520819313824176,0.9992400407791138,0.499722421169281,0.5609040856361389,0.0522988922894001,0.999236822128296,0.5254505276679993,0.6718562841415405,-0.0982552990317344,0.9613807797431946,0.4626940786838531,0.6405612230300903,-0.0535741075873374,0.9572643637657166,0.514607310295105,0.7553300857543945,-0.0434435904026031,0.956213116645813,0.4924789369106293,0.7396916747093201,0.0417900681495666,0.8958837985992432,0.516609251499176,0.7687996029853821,-0.0431476794183254,0.8006296753883362,0.5030142068862915,0.7526018619537354,0.0466147437691688,0.8699958920478821,0.5025551319122314,0.7788352370262146,-0.1352394521236419,0.925754725933075,0.4648146629333496,0.7678901553153992,-0.014768024906516,0.879612386226654,tree
0.5088300704956055,0.3869853615760803,-0.1059183105826377,0.9981260895729064,0.5131449699401855,0.3802314102649688,-0.103095032274723,0.9967370629310608,0.5155385136604309,0.3797013163566589,-0.1031388789415359,0.9964200258255004,0.5179248452186584,0.3793359100818634,-0.103217028081417,0.9968478083610536,0.5081098079681396,0.3817324042320251,-0.086611308157444,0.9967557787895204,0.5070886611938477,0.3820638954639435,-0.0866270363330841,0.995022177696228,0.5060228109359741,0.3823276162147522,-0.0866633877158165,0.9959818124771118,0.5255056023597717,0.3828350901603699,-0.0716877654194831,0.9971197843551636,0.5098727941513062,0.3854545354843139,0.0063947262242436,0.9963819980621338,0.5146245956420898,0.3939125835895538,-0.0931413993239402,0.9925092458724976,0.5082345008850098,0.394783079624176,-0.0705290660262107,0.9894883036613464,0.5508589744567871,0.4130786955356598,-0.0805256441235542,0.9971914887428284,0.5004465579986572,0.4248806536197662,0.0635390654206276,0.9919217824935912,0.5639731884002686,0.3539615869522095,-0.1589044779539108,0.9928545355796814,0.4831843972206116,0.3756644129753113,0.1105229631066322,0.8183329701423645,0.5794611573219299,0.2918370962142944,-0.2058504074811935,0.963668704032898,0.4666303992271423,0.3234955668449402,0.0711674466729164,0.9055017232894896,0.586001455783844,0.2741298377513885,-0.2301608026027679,0.9256728887557985,0.4612811505794525,0.3127929270267486,0.0573331490159034,0.8241380453109741,0.5857071280479431,0.2721767127513885,-0.2331079989671707,0.9217594265937804,0.4619418978691101,0.3106459975242615,0.0451764836907386,0.8264328241348267,0.5824143886566162,0.2780040502548218,-0.2115678787231445,0.9231114387512208,0.4639845490455627,0.3146989047527313,0.0605759993195533,0.8578149080276489,0.534311830997467,0.5670871734619141,-0.0550528280436992,0.9987950325012208,0.5006855130195618,0.5607089400291443,0.0552689358592033,0.998544454574585,0.525428831577301,0.6728843450546265,-0.0885278582572937,0.97654128074646,0.4566499590873718,0.6308497786521912,-0.0219376143068075,0.9699957966804504,0.5163589715957642,0.7584035396575928,-0.0312189254909753,0.9710074067115784,0.4863025546073913,0.7244703769683838,0.0899141207337379,0.9070563912391664,0.5181578993797302,0.7721108198165894,-0.0310162119567394,0.8273946642875671,0.4973942637443542,0.736338198184967,0.096857726573944,0.8951523900032043,0.4981104433536529,0.7773309946060181,-0.125375896692276,0.94375079870224,0.4658015370368957,0.7575442790985107,0.0454202890396118,0.8926936984062195,tree
0.5087249875068665,0.3886403441429138,-0.1134591251611709,0.9984429478645324,0.5137262940406799,0.3811877965927124,-0.1105433255434036,0.9971655011177064,0.5161275863647461,0.3807351291179657,-0.1105749458074569,0.9964488744735718,0.5186174511909485,0.380384624004364,-0.1106459274888038,0.9971394538879396,0.5085444450378418,0.3824782967567444,-0.0939089208841323,0.9971390962600708,0.507563054561615,0.3827498257160187,-0.093922235071659,0.9953248500823976,0.5065948367118835,0.382917582988739,-0.0939546301960945,0.9966617822647096,0.5262654423713684,0.3834872841835022,-0.0783735960721969,0.9971447587013244,0.5116438865661621,0.3854150772094726,0.0004216532106511,0.9970366954803468,0.514176607131958,0.3959990739822387,-0.1005575209856033,0.9939644932746888,0.508030354976654,0.3963693976402282,-0.077768824994564,0.9918866753578186,0.5498873591423035,0.4136787056922912,-0.0872093066573143,0.9961322546005248,0.5020779371261597,0.424753725528717,0.0552977547049522,0.9908574223518372,0.563194751739502,0.3527196645736694,-0.1686706095933914,0.992337167263031,0.4855589270591736,0.3723686039447784,0.084488108754158,0.8563744425773621,0.5765523314476013,0.2895822823047638,-0.2146965563297271,0.9625771045684814,0.4726113677024841,0.3184009194374084,0.032399158924818,0.9278931617736816,0.5827051401138306,0.272668182849884,-0.2401754409074783,0.9234853982925416,0.4671779274940491,0.3057412505149841,0.0138462604954838,0.8535121083259583,0.5822095274925232,0.2700622379779815,-0.2421701252460479,0.917875587940216,0.4672769904136657,0.3034875094890594,0.0042301882058382,0.8527581095695496,0.5788763761520386,0.2762818932533264,-0.220328614115715,0.921907901763916,0.4693748950958252,0.3081973791122436,0.0220583416521549,0.8813140392303467,0.53475421667099,0.5664189457893372,-0.0551647022366523,0.998348355293274,0.5020888447761536,0.5586468577384949,0.0553434267640113,0.9978682994842528,0.5240236520767212,0.6736924052238464,-0.070308968424797,0.9771236777305604,0.4477678835391998,0.6154667139053345,-0.0127528812736272,0.9699060916900636,0.5176977515220642,0.7606708407402039,0.0103967813774943,0.9753798246383668,0.4841709733009338,0.7060343027114868,0.1086231023073196,0.9077718257904052,0.5199583768844604,0.7729437947273254,0.0130527885630726,0.827937662601471,0.4947122633457184,0.7116944789886475,0.1171642988920211,0.9014530777931212,0.4953156411647796,0.778425395488739,-0.0801864042878151,0.9423887133598328,0.4630819857120514,0.740966260433197,0.0702839866280555,0.8853779435157776,tree
0.5086236596107483,0.3890608847141266,-0.0973260775208473,0.9973546266555786,0.5131682753562927,0.3817877769470215,-0.0942035615444183,0.9951543807983398,0.5154684782028198,0.3813974559307098,-0.0942261889576911,0.9937782287597656,0.5178881287574768,0.381059318780899,-0.0942913368344307,0.9951581358909608,0.5086050629615784,0.3823553323745727,-0.0781466588377952,0.9948552846908568,0.5078294277191162,0.3823232650756836,-0.0781620591878891,0.9917935729026794,0.5070953965187073,0.3822552859783172,-0.0782070755958557,0.9943132400512696,0.5263729691505432,0.3846235275268554,-0.0622829422354698,0.9952107071876526,0.5123087167739868,0.3849172592163086,0.0140547361224889,0.9950634837150574,0.5138459801673889,0.3954870402812958,-0.0847183391451835,0.9918346405029296,0.5084012150764465,0.3954781591892242,-0.0626026019454002,0.9884767532348632,0.5514541864395142,0.4135059714317322,-0.0676391720771789,0.9958544969558716,0.5031775236129761,0.4223506152629852,0.0584902092814445,0.9922561645507812,0.5627939105033875,0.3503095507621765,-0.1406090408563614,0.990295708179474,0.4863954186439514,0.3665809035301208,0.0803651139140129,0.8799269199371338,0.5747334957122803,0.2881093919277191,-0.1803033351898193,0.960904598236084,0.4746356904506683,0.3104689717292785,0.0244374405592679,0.9411200881004332,0.5798265337944031,0.2712197005748749,-0.2041357457637787,0.9216352701187134,0.4699929356575012,0.2981477975845337,0.0037829210050404,0.882860541343689,0.5793068408966064,0.2691092491149902,-0.2061839550733566,0.915556788444519,0.4702634811401367,0.295749306678772,-0.0049451785162091,0.8810309767723083,0.5763683915138245,0.2752327919006347,-0.1858042776584625,0.9205784201622008,0.4719830155372619,0.3003972172737121,0.0141913723200559,0.9027982354164124,0.535586953163147,0.567949116230011,-0.0492304041981697,0.9984048008918762,0.502199113368988,0.5573733448982239,0.0494172871112823,0.998110294342041,0.5229061841964722,0.6754461526870728,-0.0684564933180809,0.9793955683708192,0.4443656802177429,0.6071779727935791,-0.0180961657315492,0.9789608716964722,0.5199189186096191,0.7643457651138306,0.0261276625096797,0.9769883751869202,0.4799407124519348,0.6879481077194214,0.1163939088582992,0.9198413491249084,0.5228409171104431,0.778617262840271,0.0303515587002038,0.8565202951431274,0.4924214780330658,0.6971994638442993,0.1264584809541702,0.9101170301437378,0.5018279552459717,0.7819391489028931,-0.0650993660092353,0.9467726349830629,0.4629879593849182,0.7301698327064514,0.0785766020417213,0.8951950669288635,tree
0.5079911351203918,0.3889409005641937,-0.112564779818058,0.998068869113922,0.51187664270401,0.3804280161857605,-0.1122023835778236,0.9965147376060486,0.5139769315719604,0.3798070549964905,-0.1122150272130966,0.9956414699554444,0.5161387920379639,0.3792708218097687,-0.1122743934392929,0.9962756633758544,0.5081700682640076,0.3809687197208404,-0.0939466655254364,0.99661523103714,0.5076014995574951,0.380761444568634,-0.0939553380012512,0.9942635893821716,0.5069810152053833,0.3805675506591797,-0.0939907655119896,0.9954440593719482,0.5254830718040466,0.3821595013141632,-0.0874828770756721,0.995572566986084,0.5118017196655273,0.3833470344543457,-0.0017675841227173,0.9954387545585632,0.5129680037498474,0.3969103097915649,-0.1019721627235412,0.9928467869758606,0.5085389018058777,0.3965802788734436,-0.0770677253603935,0.9909363389015198,0.5498548150062561,0.4140777885913849,-0.0999643057584762,0.997605800628662,0.5071133375167847,0.4184706807136535,0.055474866181612,0.9944005608558656,0.5600406527519226,0.352776825428009,-0.1913100481033325,0.9947361350059508,0.4889145493507385,0.3626441657543182,0.1076905503869056,0.8104008436203003,0.5714944005012512,0.2848768532276153,-0.2428569793701172,0.980954647064209,0.480313241481781,0.307846337556839,0.0608251206576824,0.9037765264511108,0.5755964517593384,0.2662499845027923,-0.2696644365787506,0.958771586418152,0.4762497544288635,0.2933608293533325,0.0459342896938324,0.8494672775268555,0.5738755464553833,0.2647570669651031,-0.2679660618305206,0.9531758427619934,0.4768176674842834,0.2906169891357422,0.0345086343586444,0.8501726984977722,0.5713691711425781,0.272164523601532,-0.246489480137825,0.9514296650886536,0.4788069128990173,0.295589804649353,0.050321377813816,0.8776044845581055,0.535447895526886,0.5675287842750549,-0.0558363273739814,0.9987842440605164,0.5041234493255615,0.5532940626144409,0.0559651926159858,0.9986099004745485,0.5233535766601562,0.6815046072006226,-0.041370790451765,0.989174485206604,0.4386318325996399,0.590101957321167,-0.0087006567046046,0.9755420684814452,0.5207437872886658,0.7610917687416077,0.0832876339554786,0.9855302572250366,0.4751262068748474,0.6648522615432739,0.1192869171500206,0.8932021260261536,0.5212781429290771,0.774644136428833,0.0912930741906166,0.9397130608558656,0.4878539144992828,0.6739685535430908,0.1288425922393798,0.9053741097450256,0.5084821581840515,0.7808282971382141,0.0029395294841378,0.967300295829773,0.4597640633583069,0.7103704214096069,0.0871728062629699,0.8775307536125183,tree
0.5093644857406616,0.3844637274742126,-0.1321175843477249,0.9938966631889344,0.5140909552574158,0.3768025040626526,-0.128726989030838,0.9899306297302246,0.5161361694335938,0.3766550123691559,-0.1287417709827423,0.9872388243675232,0.5182602405548096,0.3765616118907928,-0.1288088709115982,0.9908157587051392,0.5102927684783936,0.3767460286617279,-0.1129062175750732,0.9903753399848938,0.5097444653511047,0.3765200972557068,-0.1129273921251297,0.984162449836731,0.5091769695281982,0.3763419389724731,-0.1129886880517005,0.9887356162071228,0.52668297290802,0.3808938264846802,-0.0955046415328979,0.98737233877182,0.5138190984725952,0.3810239732265472,-0.0207643117755651,0.9873630404472352,0.5140037536621094,0.3932758271694183,-0.1191952675580978,0.9829217195510864,0.5093023180961609,0.3924455046653747,-0.097541943192482,0.976517915725708,0.5485875010490417,0.4134547412395477,-0.1057787910103797,0.9906446933746338,0.5075823068618774,0.4165588021278381,0.0278182569891214,0.9831095337867736,0.5583371520042419,0.3509405255317688,-0.190075471997261,0.990952730178833,0.4903658926486969,0.3581629395484924,0.0504066050052642,0.8398469686508179,0.5675460696220398,0.2850981652736664,-0.2319788187742233,0.94774729013443,0.4854296743869781,0.2998499870300293,-0.0088687809184193,0.8832800984382629,0.5713914632797241,0.2675619721412658,-0.2579187750816345,0.8974712491035461,0.4803881049156189,0.2858241200447082,-0.0301886145025491,0.8100888133049011,0.5691312551498413,0.2677024602890014,-0.2575509250164032,0.8851506114006042,0.4817324578762054,0.2822865545749664,-0.037837479263544,0.8062034845352173,0.5666928887367249,0.2750706076622009,-0.2359462678432464,0.8841354250907898,0.484390914440155,0.2873799204826355,-0.0184630583971738,0.8341167569160461,0.5340694785118103,0.5614953637123108,-0.0512878708541393,0.9977841973304749,0.5033165812492371,0.5477773547172546,0.0514221899211406,0.996436357498169,0.525118350982666,0.6787945032119751,-0.0502938516438007,0.9845492839813232,0.4366267323493957,0.5727957487106323,0.0158854871988296,0.9581977128982544,0.5227699875831604,0.7636460661888123,0.0442734584212303,0.9856999516487122,0.476539671421051,0.6415342092514038,0.1596332341432571,0.8474032878875732,0.5224065780639648,0.7750357389450073,0.0486975498497486,0.9374091029167176,0.4880869388580322,0.6463814973831177,0.1708672940731048,0.8750710487365723,0.5084781646728516,0.783829927444458,-0.0459215342998504,0.9659124612808228,0.464428037405014,0.6917153596878052,0.1323470622301101,0.8298488855361938,tree
0.5098233222961426,0.3863239884376526,-0.1339455395936966,0.9979245662689208,0.514570951461792,0.3789800703525543,-0.1314140111207962,0.9970508813858032,0.5167657136917114,0.3785774111747741,-0.1314324885606765,0.9961798191070556,0.519053041934967,0.3782027959823608,-0.1315025687217712,0.9975044131278992,0.5103656053543091,0.3797898888587951,-0.1151562482118606,0.9970149993896484,0.5096578001976013,0.3799410462379455,-0.1151894927024841,0.994729220867157,0.5089824795722961,0.3800162076950073,-0.1152552515268325,0.9965507984161376,0.5274096727371216,0.3812698125839233,-0.1005525365471839,0.996359407901764,0.514165461063385,0.3821972906589508,-0.0241160131990909,0.9960899353027344,0.5148624777793884,0.3933700323104858,-0.1216514334082603,0.9951964020729064,0.5097578167915344,0.3932689726352691,-0.0996914654970169,0.9924196600914,0.5493332743644714,0.4106972813606262,-0.113982617855072,0.995392084121704,0.507680356502533,0.4178064167499542,0.0294884331524372,0.9891263246536256,0.5597643256187439,0.347060889005661,-0.188008040189743,0.9926573634147644,0.4899633824825287,0.3564867377281189,0.0617175810039043,0.8763425946235657,0.5630103349685669,0.2806796729564667,-0.2142152041196823,0.9537186622619628,0.4890674650669098,0.2958346307277679,0.013394814915955,0.9012178778648376,0.5662857294082642,0.2621653378009796,-0.2367437183856964,0.9096320867538452,0.4855391383171081,0.2801695466041565,-0.0054196487180888,0.8308804631233215,0.5649604201316833,0.2608073353767395,-0.2356646955013275,0.8993050456047058,0.4869371354579925,0.2774963676929474,-0.0107430545613169,0.8234404921531677,0.5627937912940979,0.2677790224552154,-0.2167733907699585,0.8925624489784241,0.4888929426670074,0.2820387482643127,0.0055338484235107,0.8445543050765991,0.5328779816627502,0.5620220899581909,-0.0572584643959999,0.9985937476158142,0.5038357377052307,0.5488483905792236,0.0573775060474872,0.996411144733429,0.5212332010269165,0.6728814840316772,-0.0499496683478355,0.9887934327125548,0.436330497264862,0.5625676512718201,0.0389680229127407,0.9441455006599426,0.5192664861679077,0.7626290917396545,0.0323473587632179,0.9937323927879332,0.4810624718666076,0.6204512715339661,0.185872197151184,0.8136081099510193,0.5196768045425415,0.7742834091186523,0.0364212840795517,0.9691067934036256,0.4922454953193664,0.6214384436607361,0.1986880749464035,0.8469279408454895,0.4994336664676666,0.7810618877410889,-0.0537010952830314,0.984186589717865,0.4768189787864685,0.6627660393714905,0.1710580885410308,0.8106833696365356,tree
0.5121155381202698,0.3851187825202942,-0.1588559448719024,0.9988999366760254,0.5164778828620911,0.3785239458084106,-0.1568001359701156,0.9988203644752502,0.5185033679008484,0.3784823417663574,-0.1568156331777572,0.998500108718872,0.5207065343856812,0.3784089088439941,-0.1568845957517624,0.9989941716194152,0.5127213597297668,0.3789559602737427,-0.140136256814003,0.9986931681632996,0.5119819641113281,0.379177838563919,-0.1401678174734115,0.9976929426193236,0.5113153457641602,0.3792324662208557,-0.1402157396078109,0.9983662962913512,0.5274547338485718,0.3822131156921386,-0.1253061890602111,0.998751163482666,0.5151934027671814,0.3819302320480346,-0.0473138578236103,0.9984007477760316,0.5163586735725403,0.3923523128032684,-0.146121859550476,0.9979524612426758,0.5114120841026306,0.3922071456909179,-0.1237772479653358,0.9961605072021484,0.5491853356361389,0.4120401740074157,-0.1417889893054962,0.997292459011078,0.5059536695480347,0.4173580408096313,0.0128392297774553,0.9870233535766602,0.5561425685882568,0.3468171954154968,-0.2226382493972778,0.994860589504242,0.4915133416652679,0.3524613976478576,0.0376017913222312,0.8580994606018066,0.5604019165039062,0.2813200354576111,-0.2537230551242828,0.9658842086791992,0.4901130199432373,0.2924708425998688,-0.0217323936522007,0.9107794761657716,0.5636669397354126,0.2664742171764374,-0.2787695825099945,0.9298721551895142,0.488496869802475,0.2798472940921783,-0.0417481176555156,0.8482587337493896,0.5623563528060913,0.264426440000534,-0.277285486459732,0.922329306602478,0.4897282719612121,0.2772552371025085,-0.0499289333820343,0.8406678438186646,0.5602108240127563,0.2717285752296448,-0.25599005818367,0.9138312339782716,0.4909590780735016,0.2817302346229553,-0.0307451449334621,0.8555677533149719,0.5318484306335449,0.5626251697540283,-0.0616829581558704,0.9991735816001892,0.5022953152656555,0.5496878027915955,0.0617987997829914,0.9957457184791564,0.5217198729515076,0.6765747666358948,-0.0634170994162559,0.9929498434066772,0.4346302151679992,0.5610769987106323,0.0608433298766613,0.9324843883514404,0.5205343961715698,0.7641302943229675,0.0015347331063821,0.996316134929657,0.4859654307365417,0.615086019039154,0.2297684401273727,0.7469689249992371,0.5219253301620483,0.7770361304283142,0.003572670277208,0.9766454696655272,0.4992786049842834,0.6124740839004517,0.2448801547288894,0.8178529143333435,0.496889591217041,0.7813845872879028,-0.0867723301053047,0.9890830516815186,0.485273540019989,0.6490408778190613,0.2266054600477218,0.7687711119651794,tree
0.5136179327964783,0.3838939666748047,-0.1468543112277984,0.9986529350280762,0.5177560448646545,0.3775442838668823,-0.1422991901636123,0.9988511800765992,0.5195379853248596,0.3776128888130188,-0.1423157155513763,0.998418927192688,0.5216245055198669,0.3776966333389282,-0.1423736065626144,0.9989700317382812,0.5142485499382019,0.3778258562088012,-0.128206580877304,0.9984473586082458,0.513500452041626,0.3780723214149475,-0.1282360851764679,0.9972604513168336,0.5128183960914612,0.3782387375831604,-0.128290981054306,0.9981708526611328,0.5281315445899963,0.382803350687027,-0.1053212732076644,0.9986477494239808,0.5162703990936279,0.3823199272155761,-0.0390841551125049,0.998400866985321,0.5177217125892639,0.3918587863445282,-0.1326361298561096,0.9978867173194884,0.5129913687705994,0.3914861679077148,-0.1136964336037635,0.9953668117523192,0.5478284955024719,0.4124965071678161,-0.1205065101385116,0.996794044971466,0.5058643817901611,0.4156988561153412,0.0085569648072123,0.9832825660705566,0.5519660115242004,0.3486035466194153,-0.1962675303220749,0.9907432198524476,0.4941152930259704,0.3492025136947632,0.0109176281839609,0.8808778524398804,0.5562233924865723,0.285237044095993,-0.2261647433042526,0.9583332538604736,0.4967194199562073,0.2907931506633758,-0.0412035137414932,0.9237630367279052,0.5588437914848328,0.2709644138813019,-0.2505707740783691,0.9156656265258788,0.4943329691886902,0.2754522562026977,-0.0618654303252697,0.8621934056282043,0.5572925806045532,0.2702231109142303,-0.2485651671886444,0.9071431756019592,0.4958945214748382,0.272479385137558,-0.0684632733464241,0.8522760272026062,0.5557848811149597,0.2749941647052765,-0.2283807694911956,0.9005789160728455,0.4979225099086761,0.2790043652057647,-0.0494865663349628,0.8637821078300476,0.5312101244926453,0.5579769611358643,-0.0538181290030479,0.9989929795265198,0.501226007938385,0.5464491248130798,0.0539329573512077,0.9940561056137084,0.5210685133934021,0.6672415137290955,-0.0557289309799671,0.9845834970474244,0.4383429586887359,0.5643675923347473,0.0422796942293643,0.9233470559120178,0.5201358795166016,0.7654610276222229,-0.0043737506493926,0.9936834573745728,0.4868497252464294,0.6122666001319885,0.2018580734729766,0.6670697927474976,0.5233376026153564,0.780731737613678,-0.0044168066233396,0.956404983997345,0.4985110163688659,0.6095254421234131,0.2162409573793411,0.7576345205307007,0.5004674196243286,0.781054675579071,-0.0968284308910369,0.981715440750122,0.4908575415611267,0.6408676505088806,0.1983167827129364,0.6909185647964478,tree
0.5104401111602783,0.3884176313877105,-0.1659048497676849,0.9967836141586304,0.5147293210029602,0.3798321187496185,-0.166211187839508,0.9963409304618835,0.5168168544769287,0.3795757889747619,-0.1662231832742691,0.9957752823829652,0.5191484689712524,0.3793580234050751,-0.1662929058074951,0.9970448613166808,0.5110633373260498,0.3798741698265075,-0.1506738513708114,0.9956919550895692,0.5104361176490784,0.3796147108078003,-0.150724321603775,0.9927640557289124,0.5098277926445007,0.3793720602989197,-0.1508010923862457,0.9948110580444336,0.5273450016975403,0.3818413317203522,-0.1394067406654358,0.996029496192932,0.5144001841545105,0.3817805647850036,-0.0668005794286727,0.994954526424408,0.5152163505554199,0.3967482447624206,-0.1539035588502884,0.9945263266563416,0.5106743574142456,0.3954627811908722,-0.1330118775367736,0.9899188280105592,0.5472412705421448,0.4112385511398315,-0.1499778181314468,0.9963786005973816,0.5091040134429932,0.4148518443107605,-0.0113778822124004,0.9828580617904664,0.5507531762123108,0.3519289791584015,-0.23067107796669,0.9935340881347656,0.4969042837619781,0.3507896065711975,0.0118383448570966,0.841983437538147,0.5552516579627991,0.2857787013053894,-0.263582170009613,0.952573835849762,0.4986801147460937,0.2867438495159149,-0.0429324358701705,0.874743640422821,0.559228241443634,0.2650063633918762,-0.2862248718738556,0.9087266325950624,0.4954542517662048,0.2711812853813171,-0.0621001794934272,0.8045199513435364,0.5574749112129211,0.2652284204959869,-0.2848634421825409,0.8974393606185913,0.4970467984676361,0.2697208523750305,-0.0687623545527458,0.7962145209312439,0.554564893245697,0.272765964269638,-0.2656686902046203,0.892075777053833,0.4995849728584289,0.2744100689888,-0.0510675422847271,0.8171224594116211,0.5316329002380371,0.5560686588287354,-0.0563340261578559,0.998027503490448,0.5035204291343689,0.5462590456008911,0.0564846917986869,0.9911484718322754,0.5192942023277283,0.662298321723938,-0.056256216019392,0.9745914936065674,0.4371961951255798,0.5733304619789124,0.0488024428486824,0.8649418950080872,0.5196597576141357,0.7634760141372681,-0.0130901876837015,0.9888293147087096,0.4900525510311126,0.6104398965835571,0.208685427904129,0.5328088402748108,0.5206859111785889,0.7762032747268677,-0.0135052679106593,0.9544347524642944,0.5014116168022156,0.605571985244751,0.2233025580644607,0.7019431591033936,0.498728334903717,0.780664324760437,-0.1022910252213478,0.974989414215088,0.491603136062622,0.635935366153717,0.2114704847335815,0.5772475600242615,tree
0.5109547972679138,0.3865804672241211,-0.1594320982694625,0.9958819150924684,0.5154289603233337,0.3781618475914001,-0.1595693826675415,0.995519757270813,0.517533540725708,0.3777880668640136,-0.1595906913280487,0.994643211364746,0.5197723507881165,0.3774102628231048,-0.1596618890762329,0.9964626431465148,0.511613667011261,0.378659725189209,-0.1433234214782714,0.9942674040794371,0.5109769701957703,0.3785676956176758,-0.1433688253164291,0.9899729490280152,0.510362982749939,0.3784486651420593,-0.143449530005455,0.993150532245636,0.5280255675315857,0.3805922865867615,-0.1346119493246078,0.9947616457939148,0.5154021978378296,0.3810255825519562,-0.0589043423533439,0.9931033849716188,0.515990674495697,0.3944502472877502,-0.1484432071447372,0.9933972358703612,0.5112152695655823,0.3938694596290588,-0.1267052441835403,0.9869803786277772,0.5484327673912048,0.4117259383201599,-0.1494707018136978,0.996215522289276,0.5094112753868103,0.4183277189731598,-0.0069011561572551,0.9812213778495787,0.5491666793823242,0.3480693101882934,-0.2336045801639557,0.9919903874397278,0.4987685084342956,0.3493605852127075,0.0137166203930974,0.7884926795959473,0.5527637600898743,0.2835741341114044,-0.2635192275047302,0.9521626234054564,0.5025445818901062,0.285070389509201,-0.03637620434165,0.8469790816307068,0.5573766231536865,0.2651529610157013,-0.286545991897583,0.9110192656517028,0.4998036921024322,0.2711060643196106,-0.0558835193514823,0.7704406380653381,0.5552082061767578,0.2647837102413177,-0.2842977046966553,0.9000402092933655,0.5019469261169434,0.2702413499355316,-0.0619014203548431,0.7609811425209045,0.5514026880264282,0.2715511620044708,-0.2651893496513366,0.8919012546539307,0.5042499899864197,0.2744596302509308,-0.0444924049079418,0.7858883142471313,0.5343073606491089,0.5577301383018494,-0.0533496029675006,0.9985699653625488,0.5039079189300537,0.5499680042266846,0.0534476637840271,0.9934843182563782,0.5203951597213745,0.6684651970863342,-0.0423777885735034,0.97495436668396,0.4413425028324127,0.5834031701087952,0.0366437472403049,0.8909493684768677,0.519579291343689,0.7632369995117188,0.0256084911525249,0.989059567451477,0.4935602247714996,0.614637017250061,0.2178220748901367,0.5313486456871033,0.520026445388794,0.775614857673645,0.0281806103885173,0.9494014978408812,0.5049970149993896,0.6106749773025513,0.2353404462337494,0.6790241003036499,0.5020825862884521,0.7790677547454834,-0.0560414083302021,0.97513085603714,0.4976102709770202,0.6408401131629944,0.2281729727983474,0.5754973292350769,tree
0.5111318826675415,0.3870499730110168,-0.1547497808933258,0.9978871941566468,0.5159280300140381,0.3784009218215942,-0.152803286910057,0.9975583553314208,0.5180745720863342,0.3780384361743927,-0.1528261452913284,0.996989607810974,0.5203141570091248,0.3777112364768982,-0.1528982073068618,0.997930645942688,0.5120564103126526,0.3785196542739868,-0.1357326358556747,0.9972000122070312,0.5114370584487915,0.3781856298446655,-0.1357686668634414,0.9950190782546996,0.5108463764190674,0.3778257071971893,-0.1358446031808853,0.9965092539787292,0.5282714366912842,0.3800381422042846,-0.1218302473425865,0.9968509078025818,0.5155879259109497,0.3802329897880554,-0.0420049056410789,0.9962561130523682,0.5159606337547302,0.3948342204093933,-0.1419927328824997,0.995370090007782,0.5111953616142273,0.3941199481487274,-0.1190510019659996,0.9920762777328492,0.5476582050323486,0.4099242389202118,-0.139973983168602,0.9970577955245972,0.5105162262916565,0.4179335832595825,0.0170448143035173,0.9855632781982422,0.5472508072853088,0.3476368188858032,-0.2282303869724273,0.9932244420051576,0.5001092553138733,0.3470274209976196,0.0426964834332466,0.7808375358581543,0.5501107573509216,0.2811101675033569,-0.2625996172428131,0.963115930557251,0.5057413578033447,0.2839727401733398,-0.0150650460273027,0.8529689311981201,0.555359959602356,0.2624983191490173,-0.2876844406127929,0.9301546216011048,0.5021666884422302,0.2699745595455169,-0.0338569246232509,0.7859211564064026,0.5531619787216187,0.2622161507606506,-0.283646672964096,0.9210679531097412,0.5048768520355225,0.2692787945270538,-0.041023414582014,0.7757374048233032,0.5492311120033264,0.2695164382457733,-0.2637208998203277,0.9102810621261596,0.5071491599082947,0.2745573222637176,-0.0237198621034622,0.7977282404899597,0.5344953536987305,0.5598138570785522,-0.058435458689928,0.9988000392913818,0.5052230954170227,0.5522269606590271,0.0585485808551311,0.9944474697113036,0.5204931497573853,0.6684088110923767,-0.0579539164900779,0.981709897518158,0.4410785734653473,0.585884690284729,0.0421787686645984,0.9008126854896544,0.5203287601470947,0.7673729658126831,0.0019935288000851,0.9915423393249512,0.4926415085792541,0.6182816028594971,0.2236223220825195,0.5792510509490967,0.5213826298713684,0.779619574546814,0.003542736871168,0.9599210619926452,0.5040958523750305,0.6144624352455139,0.240914911031723,0.7092325091362,0.5027410387992859,0.7843576073646545,-0.0836668089032173,0.9807693958282472,0.49704709649086,0.6472200155258179,0.2333409786224365,0.6243797540664673,tree
0.5102559924125671,0.3868341147899627,-0.137576013803482,0.9955480098724364,0.5142551064491272,0.3791279792785644,-0.1413411647081375,0.9965094923973083,0.5161324143409729,0.3788719475269317,-0.1413626372814178,0.9959225654602052,0.5181048512458801,0.3785944581031799,-0.1414215713739395,0.9970832467079164,0.5113337635993958,0.3794416785240173,-0.1208700910210609,0.9953762292861938,0.5109925270080566,0.3794397115707397,-0.1208861023187637,0.9917442202568054,0.510667622089386,0.3793282806873321,-0.1209592968225479,0.9938323497772216,0.5259603261947632,0.3810421824455261,-0.1294418573379516,0.995952010154724,0.5164251327514648,0.381310760974884,-0.0348471440374851,0.994295299053192,0.51493901014328,0.3944383859634399,-0.1310411095619201,0.9939855933189392,0.5109626650810242,0.3941015303134918,-0.10388745367527,0.98731529712677,0.5458292961120605,0.4111779034137726,-0.1561087965965271,0.9976170659065248,0.510360836982727,0.4174521267414093,0.0260090492665767,0.9825443625450134,0.5473375916481018,0.3491153717041015,-0.2559534311294555,0.98917156457901,0.5012035369873047,0.3465998768806457,0.0547305233776569,0.6582396030426025,0.548128068447113,0.2883099913597107,-0.2946013808250427,0.9504045844078064,0.5073462128639221,0.2905815243721008,-0.0074882777407765,0.8300520181655884,0.553429126739502,0.2686740756034851,-0.321442186832428,0.9200695157051086,0.506702184677124,0.2764320373535156,-0.0266731884330511,0.7835654020309448,0.5506702661514282,0.2662061750888824,-0.3182810544967651,0.9106917977333068,0.5093021988868713,0.27333864569664,-0.0361602120101451,0.7753616571426392,0.5465818643569946,0.2734392881393432,-0.2955094575881958,0.8922936916351318,0.5114789009094238,0.2789854109287262,-0.0169210638850927,0.7854876518249512,0.5351046919822693,0.5594612956047058,-0.0671936571598053,0.9992942810058594,0.5062289834022522,0.5525055527687073,0.0672533139586448,0.9939204454421996,0.5232826471328735,0.6699731349945068,-0.0629865005612373,0.9866365790367126,0.4434502720832824,0.58943110704422,0.064046710729599,0.8782873153686523,0.521353006362915,0.7669675946235657,-0.0111495992168784,0.9948189854621888,0.5005386471748352,0.6185837388038635,0.2511228919029236,0.5059371590614319,0.524223268032074,0.782302737236023,-0.0104241212829947,0.9654809236526488,0.5113040804862976,0.6129878163337708,0.2692724466323852,0.6826789975166321,0.4978565573692322,0.7832986116409302,-0.0966915786266326,0.9854238629341124,0.5117472410202026,0.646442711353302,0.2673149406909942,0.5873589515686035,tree
0.5089132189750671,0.3878985643386841,-0.1593696326017379,0.9954200983047484,0.5138819813728333,0.3793158531188965,-0.1606403738260269,0.995368480682373,0.5160743594169617,0.3789393305778503,-0.1606529206037521,0.9942911863327026,0.5183646082878113,0.3786503970623016,-0.1607196033000946,0.9962015748023988,0.5103555917739868,0.379180908203125,-0.1431316137313842,0.9940065145492554,0.5099141597747803,0.3786931037902832,-0.1431692987680435,0.9895748496055604,0.5094712376594543,0.378209114074707,-0.1432589739561081,0.9930750131607056,0.5271544456481934,0.3806273341178894,-0.1381303817033767,0.9941825270652772,0.515083372592926,0.3806162476539612,-0.0564601942896842,0.9933075904846193,0.513902485370636,0.3960186243057251,-0.1488797217607498,0.992953360080719,0.5094589591026306,0.3949528336524963,-0.1254667490720749,0.9880256056785583,0.54500812292099,0.413207471370697,-0.1542972326278686,0.9966108202934264,0.5111007690429688,0.4176284074783325,-0.0035245115868747,0.98524272441864,0.5415573120117188,0.3538503050804138,-0.2403563559055328,0.9904232025146484,0.5016108155250549,0.345284104347229,0.0167059749364852,0.7656269669532776,0.5441044569015503,0.2836871445178985,-0.2606166899204254,0.9462642669677734,0.512421190738678,0.2824341356754303,-0.033929768949747,0.8328859806060791,0.5465641617774963,0.265560507774353,-0.2839904427528381,0.9100248217582704,0.5124877095222473,0.2672526240348816,-0.0537181608378887,0.7677865624427795,0.5454524755477905,0.2639279663562774,-0.2806712388992309,0.8971303105354309,0.5159759521484375,0.2664701640605926,-0.059561550617218,0.7568243145942688,0.5426430702209473,0.2694217562675476,-0.2614032030105591,0.8814224600791931,0.5173783898353577,0.2709401845932007,-0.041783720254898,0.7780019640922546,0.5366356372833252,0.5603386163711548,-0.0571020618081092,0.9988464117050172,0.5086953639984131,0.5542482733726501,0.0571992099285125,0.9949415326118468,0.5235776305198669,0.6705827713012695,-0.0506811924278736,0.980188250541687,0.4449275135993957,0.5905413031578064,0.0345945581793785,0.8928502798080444,0.5228195190429688,0.7637436985969543,0.0234558451920747,0.9902730584144592,0.5007231831550598,0.6121219396591187,0.2220869809389114,0.5327391028404236,0.5245013236999512,0.7767194509506226,0.0267265848815441,0.9479551911354064,0.5118457674980164,0.6075654625892639,0.2405499964952469,0.6794223785400391,0.5014098882675171,0.781554102897644,-0.054482378065586,0.9773895144462584,0.5076962113380432,0.6447169780731201,0.2405910491943359,0.5864067673683167,tree
0.5093286037445068,0.3897387683391571,-0.1234967485070228,0.9935919642448424,0.5136287212371826,0.3803049921989441,-0.127405047416687,0.9936169385910034,0.515628457069397,0.3798430263996124,-0.1274209916591644,0.99254310131073,0.5177968144416809,0.3793620467185974,-0.1274797171354293,0.9949073195457458,0.5106084942817688,0.3799620270729065,-0.1085375770926475,0.9917710423469543,0.5103299021720886,0.3792724609375,-0.1085831671953201,0.9862990975379944,0.5100224614143372,0.3785424530506134,-0.108693853020668,0.9908649325370787,0.5271382331848145,0.3808011412620544,-0.1165781766176223,0.9928998947143556,0.5159289240837097,0.3805474936962127,-0.0286284834146499,0.9917588829994202,0.5140039920806885,0.3979395627975464,-0.1173309087753295,0.9919809103012084,0.510400116443634,0.3965503573417663,-0.0920706763863563,0.9857429265975952,0.5455591678619385,0.4111472368240356,-0.1402338445186615,0.9967406392097472,0.5140522122383118,0.4150202572345733,0.0167077984660863,0.9855095744132996,0.54096919298172,0.3538878560066223,-0.2261650115251541,0.988728404045105,0.5051053762435913,0.3471790552139282,0.0496866032481193,0.7052289843559265,0.5354534983634949,0.2859131395816803,-0.2364257276058197,0.9313388466835022,0.515632688999176,0.2840005159378052,0.0226260852068662,0.7593754529953003,0.534873366355896,0.2667998969554901,-0.2579977810382843,0.891899585723877,0.5174707770347595,0.2657032012939453,0.0059363045729696,0.689453125,0.5344392657279968,0.2652585804462433,-0.254242867231369,0.8761810064315796,0.5193023085594177,0.2646409273147583,0.0024797345977276,0.674116313457489,0.5334510803222656,0.2726072669029236,-0.2366073578596115,0.8581067323684692,0.5195626020431519,0.270782858133316,0.0161375310271978,0.7039259672164917,0.5364980697631836,0.5619531869888306,-0.0607809536159038,0.9986973404884338,0.5089828968048096,0.5533027648925781,0.0609150007367134,0.9951678514480592,0.5235520005226135,0.668269157409668,-0.0592694208025932,0.9797820448875428,0.4453161358833313,0.5919679999351501,0.0386618040502071,0.8973928093910217,0.5234110951423645,0.7639981508255005,-0.0043751811608672,0.9899367094039916,0.4955456256866455,0.6191286444664001,0.2241137325763702,0.573002815246582,0.5238143801689148,0.7779760956764221,-0.0032080947421491,0.954298496246338,0.5065056085586548,0.6163398027420044,0.2421318739652633,0.710723876953125,0.503637433052063,0.7838851809501648,-0.0893691107630729,0.978379726409912,0.4946680963039398,0.6595882773399353,0.2391283959150314,0.6278992891311646,tree
0.509821355342865,0.3893085122108459,-0.1294683218002319,0.9973969459533693,0.5144374966621399,0.3806354403495788,-0.1291344463825225,0.9974122643470764,0.5164886713027954,0.3802375495433807,-0.1291457414627075,0.996839165687561,0.5187281370162964,0.3798199892044067,-0.1291978061199188,0.9978261590003968,0.5111886858940125,0.3802458941936493,-0.1115162596106529,0.9968475699424744,0.5108489394187927,0.3796092867851257,-0.1115564927458763,0.9945023059844972,0.5105230808258057,0.3789324462413788,-0.111657977104187,0.9964532852172852,0.5277612805366516,0.3811268210411072,-0.1035401672124862,0.9964616894721984,0.5165392160415649,0.3811832666397095,-0.0211764443665742,0.996431827545166,0.5146608948707581,0.3975172638893127,-0.1182981133460998,0.99553382396698,0.5107376575469971,0.3961364030838012,-0.0946692451834678,0.9925826787948608,0.5453208088874817,0.4113126993179321,-0.1225141659379005,0.9974459409713744,0.5141540765762329,0.4151148200035095,0.0284006539732217,0.9886278510093688,0.538895845413208,0.3600113689899444,-0.2008442878723144,0.9891214966773988,0.5051882863044739,0.3487230241298675,0.0521377213299274,0.7880606651306152,0.5348310470581055,0.2867670357227325,-0.2108055055141449,0.9434516429901124,0.5158510208129883,0.2850996553897857,0.0105088157579302,0.8298873901367188,0.5346447229385376,0.2676789462566376,-0.2317200899124145,0.911974549293518,0.5190226435661316,0.2672041952610016,-0.0089103579521179,0.7613402009010315,0.5340604186058044,0.2664378881454468,-0.2295726984739303,0.8999188542366028,0.5208001136779785,0.2665921151638031,-0.0121747041121125,0.7484177350997925,0.5331066250801086,0.2728593945503235,-0.2116737812757492,0.8847065567970276,0.5205174088478088,0.2729672789573669,0.0037995898164808,0.7681931853294373,0.5378189086914062,0.5600977540016174,-0.0614473223686218,0.9989904761314392,0.5109163522720337,0.5541397929191589,0.061582762748003,0.9953784942626952,0.5240750908851624,0.6663329005241394,-0.0599255040287971,0.9790698885917664,0.4464089274406433,0.596714973449707,0.0402442440390586,0.8766136765480042,0.5230596661567688,0.7590111494064331,-0.0126430941745638,0.990782916545868,0.5006187558174133,0.613025426864624,0.2315749824047088,0.4929805397987366,0.5233751535415649,0.7730239629745483,-0.0123550780117511,0.952434539794922,0.5100595355033875,0.6105556488037109,0.2505438029766083,0.6530521512031555,0.5006439089775085,0.7805077433586121,-0.09769918769598,0.9806311130523682,0.5053128600120544,0.6394491195678711,0.2528144419193268,0.5794070959091187,tree
0.5098184943199158,0.3898952603340149,-0.1511332839727401,0.9948430061340332,0.5142027735710144,0.3812447190284729,-0.1502058207988739,0.994561493396759,0.516269862651825,0.3807437121868133,-0.150217205286026,0.9934555888175964,0.5184778571128845,0.3801960945129394,-0.1502751260995865,0.9951840043067932,0.5108393430709839,0.3809525668621063,-0.1324844807386398,0.9941763877868652,0.5104566812515259,0.3802748918533325,-0.1325239837169647,0.99024897813797,0.5100876688957214,0.3795629143714905,-0.1326290816068649,0.9932458996772766,0.5273643732070923,0.3813576698303222,-0.121545672416687,0.9925453066825868,0.5158450603485107,0.3814088702201843,-0.0378114655613899,0.9933620691299438,0.5149213671684265,0.3978043794631958,-0.138773113489151,0.9901329278945924,0.5106632709503174,0.396675705909729,-0.1146754473447799,0.9849081039428712,0.5464947819709778,0.4132324755191803,-0.1377220749855041,0.99506276845932,0.5132025480270386,0.4148644208908081,0.0137883033603429,0.9853277206420898,0.5413862466812134,0.354625403881073,-0.2281255275011062,0.9875734448432922,0.5058938264846802,0.3487517535686493,0.0405892245471477,0.7803963422775269,0.5357666015625,0.2870407104492187,-0.2527378797531128,0.9294424057006836,0.5172644853591919,0.2857776880264282,-0.0047678393311798,0.8527451753616333,0.5346859693527222,0.267964631319046,-0.2768462896347046,0.886955976486206,0.5204460620880127,0.2665320932865143,-0.0234273318201303,0.7940613031387329,0.5337082743644714,0.2672756016254425,-0.2729781866073608,0.8708616495132446,0.521802544593811,0.2660910189151764,-0.029380302876234,0.7816890478134155,0.5333961844444275,0.2739987969398498,-0.2535143196582794,0.8525427579879761,0.521670937538147,0.2728425562381744,-0.0122561072930693,0.798613429069519,0.5373507738113403,0.5619547963142395,-0.0609031692147254,0.998653769493103,0.5094634890556335,0.5544214844703674,0.0610366575419902,0.9950605034828186,0.5252389311790466,0.6679677367210388,-0.0649246498942375,0.9871153831481934,0.4440693259239197,0.5951536893844604,0.0428746603429317,0.9315710067749025,0.5241467356681824,0.7685295343399048,-0.0205582678318023,0.9931961297988892,0.4942502975463867,0.6175901293754578,0.2359119355678558,0.6212812662124634,0.5256692171096802,0.782908022403717,-0.0211220532655715,0.9600589275360109,0.5051084160804749,0.6155839562416077,0.2542930543422699,0.7299858927726746,0.5028727650642395,0.7883020639419556,-0.1127627938985824,0.9840164184570312,0.492196649312973,0.6576014757156372,0.2505993247032165,0.6700073480606079,tree
0.5100234746932983,0.3918987810611725,-0.1351029872894287,0.9946972131729126,0.5146709084510803,0.382434070110321,-0.1359105110168457,0.995151162147522,0.5168560743331909,0.381909430027008,-0.135937824845314,0.994271159172058,0.5192392468452454,0.381350040435791,-0.1360092610120773,0.996179699897766,0.5113611221313477,0.3822253942489624,-0.1178591251373291,0.9937028288841248,0.5110473036766052,0.3815890252590179,-0.1178926080465316,0.988741934299469,0.5107250213623047,0.3809227347373962,-0.1179948300123214,0.9924083948135376,0.5286444425582886,0.3819775581359863,-0.1138659939169883,0.9934775829315186,0.5171048045158386,0.3824721574783325,-0.0295444466173648,0.9928112626075744,0.5150834321975708,0.3999368548393249,-0.1248787492513656,0.9922896027565002,0.5110672116279602,0.3987908959388733,-0.100651815533638,0.9867031574249268,0.5480332970619202,0.411756157875061,-0.1340301632881164,0.9967004656791688,0.5136796832084656,0.4193134903907776,0.0189563725143671,0.9844033718109132,0.5411781072616577,0.3623623847961426,-0.2278227359056472,0.9874355792999268,0.5078614950180054,0.3477444946765899,0.0510004386305809,0.7055668234825134,0.5366586446762085,0.2905642390251159,-0.2543157637119293,0.9392670392990112,0.5200255513191223,0.2879168689250946,0.018986152485013,0.7749426960945129,0.5366718769073486,0.2723474502563476,-0.2777402102947235,0.9080559611320496,0.5247296690940857,0.2696240842342376,0.0017031661700457,0.7160839438438416,0.5358064770698547,0.2716951370239258,-0.2749771773815155,0.8947182297706604,0.5258333683013916,0.2698873877525329,-0.0018240712815895,0.702113151550293,0.5353435277938843,0.2791677713394165,-0.255278080701828,0.8753513097763062,0.52509605884552,0.2770761251449585,0.0126431640237569,0.7277489900588989,0.5395330190658569,0.5623868107795715,-0.0578849613666534,0.998581886291504,0.5104767680168152,0.5553093552589417,0.0580423884093761,0.9942471981048584,0.5256195068359375,0.6666015386581421,-0.055353432893753,0.971916675567627,0.444948136806488,0.596211850643158,0.0363270975649356,0.8835462331771851,0.5238304138183594,0.7598897218704224,0.0092506045475602,0.9866663813591005,0.5007896423339844,0.6172878742218018,0.2187979519367218,0.5363768339157104,0.5252496600151062,0.7753412127494812,0.0114735718816518,0.9445874094963074,0.512036919593811,0.6148610711097717,0.2362921983003616,0.6783971786499023,0.4986693263053894,0.7781695127487183,-0.0722896233201026,0.9722676873207092,0.5033024549484253,0.6577059626579285,0.2310306131839752,0.5823489427566528,tree
0.5107249617576599,0.3873465359210968,-0.1567335575819015,0.9950504899024964,0.5155259370803833,0.3780845105648041,-0.1532134115695953,0.9948660135269164,0.5176739692687988,0.3776830434799194,-0.1532348990440368,0.9941202998161316,0.5199456810951233,0.377436488866806,-0.1533183306455612,0.99617600440979,0.5117018818855286,0.3780626654624939,-0.1379821747541427,0.9937432408332824,0.5110868215560913,0.3775908350944519,-0.138014018535614,0.9887551069259644,0.5104683041572571,0.3771923780441284,-0.1381120532751083,0.9920579791069032,0.5284683704376221,0.3803723156452179,-0.1144457310438156,0.9932519793510436,0.5150624513626099,0.3801054358482361,-0.0422545187175273,0.991880476474762,0.5154770612716675,0.3956765532493591,-0.140735387802124,0.9909738898277284,0.5108157992362976,0.3946792483329773,-0.119999274611473,0.9845709800720216,0.5457675457000732,0.4151244163513183,-0.1317179799079895,0.9962749481201172,0.5126505494117737,0.4188278615474701,0.0114909280091524,0.9754403829574584,0.5396043062210083,0.3633250296115875,-0.2267439663410186,0.985755741596222,0.5058407783508301,0.3513340950012207,0.0488090515136718,0.6501991748809814,0.5343935489654541,0.2942794263362884,-0.2555854916572571,0.9149017333984376,0.520173192024231,0.2928357422351837,0.0378788858652114,0.6495897173881531,0.5351395606994629,0.2758857309818268,-0.2785936594009399,0.8650296926498413,0.5249334573745728,0.2745212614536285,0.0237773098051548,0.5737549662590027,0.5341669321060181,0.274052232503891,-0.2740927338600158,0.847394585609436,0.5253305435180664,0.2725769877433777,0.0222683120518922,0.5551756620407104,0.5336436629295349,0.2809406518936157,-0.2562680840492248,0.8274669051170349,0.5244776606559753,0.2802678942680359,0.0328426361083984,0.5917426943778992,0.538088858127594,0.563646674156189,-0.0588517114520072,0.9983465671539308,0.50999915599823,0.5564927458763123,0.059029746800661,0.9934571385383606,0.5243597030639648,0.6703961491584778,-0.0570166930556297,0.9771547913551332,0.4435133337974548,0.5938703417778015,0.0382404923439025,0.8828158378601074,0.5234757661819458,0.766064465045929,0.0031118039041757,0.9877755641937256,0.4975729584693908,0.6206068396568298,0.2273980677127838,0.5455926656723022,0.5245932340621948,0.7826321721076965,0.0049799405969679,0.9478100538253784,0.5083891153335571,0.6173564195632935,0.2454499304294586,0.6709888577461243,0.5026876330375671,0.7846426367759705,-0.0836971923708915,0.9754478931427002,0.4980012774467468,0.661700963973999,0.2384396493434906,0.6027117967605591,tree
0.5096405744552612,0.3888667225837707,-0.125397652387619,0.9953930377960204,0.5142894387245178,0.379080593585968,-0.1268299371004104,0.995792031288147,0.516284704208374,0.3785224258899688,-0.1268549859523773,0.9949995279312134,0.518425464630127,0.3779669404029846,-0.126935675740242,0.996768593788147,0.511378824710846,0.3788471519947052,-0.1085431948304176,0.994318425655365,0.5111803412437439,0.3781720995903015,-0.1085759550333023,0.9897247552871704,0.5109882950782776,0.3774636387825012,-0.108677364885807,0.993166983127594,0.5278093218803406,0.3777869045734405,-0.1062696427106857,0.994753360748291,0.5176540017127991,0.3784319758415222,-0.0207783281803131,0.9936659932136536,0.5146842002868652,0.3965935409069061,-0.1158286556601524,0.9929707646369934,0.5111576914787292,0.3956462144851684,-0.0912718549370765,0.9877869486808776,0.5468654036521912,0.4094531238079071,-0.1238227486610412,0.9964399933815002,0.5154644846916199,0.4166244566440582,0.0260908808559179,0.9800711274147034,0.5370927453041077,0.3569476306438446,-0.2073828876018524,0.9860851764678956,0.511477530002594,0.3486750423908233,0.0632778406143188,0.5791471600532532,0.5335928797721863,0.2917282283306122,-0.2163312882184982,0.9186118245124816,0.5225358605384827,0.2897281944751739,0.0461410656571388,0.5768049955368042,0.5346925258636475,0.2716816961765289,-0.2374902963638305,0.8762332201004028,0.5272883176803589,0.2703565955162048,0.030510252341628,0.5083371996879578,0.5342555642127991,0.2693292796611786,-0.2340435683727264,0.8595964908599854,0.5279036164283752,0.2672601044178009,0.0290871653705835,0.4903132021427154,0.5338443517684937,0.2779021561145782,-0.216806024312973,0.8382856249809265,0.5270453095436096,0.2756623029708862,0.0405609384179115,0.5297654271125793,0.5373036861419678,0.5611963868141174,-0.0580764487385749,0.9985498785972596,0.5106340050697327,0.554518461227417,0.0582478530704975,0.9944887161254884,0.525185227394104,0.6655176877975464,-0.0598253086209297,0.9755472540855408,0.4452996850013733,0.5952505469322205,0.0320765003561973,0.8931297659873962,0.5241069793701172,0.762167751789093,-0.0085736894980072,0.9867873191833496,0.498364508152008,0.6185393929481506,0.2181867361068725,0.5341947078704834,0.5253727436065674,0.7768917679786682,-0.0074371518567204,0.947946310043335,0.5086686611175537,0.6156867742538452,0.2363907992839813,0.6730835437774658,0.5062088966369629,0.7818681001663208,-0.092497818171978,0.9731918573379515,0.5001524686813354,0.6587756276130676,0.2348240315914154,0.5842652916908264,tree
0.5104500651359558,0.3870283365249634,-0.1482347100973129,0.996915340423584,0.5150014162063599,0.3778000175952911,-0.1464941799640655,0.9969532489776612,0.5170749425888062,0.3775678873062134,-0.1465247124433517,0.9963387250900269,0.5192800760269165,0.3774762153625488,-0.1466112434864044,0.9975430965423584,0.5114916563034058,0.3774272799491882,-0.1300903111696243,0.9961273074150084,0.5109884738922119,0.3769245743751526,-0.1301340460777282,0.9929271340370178,0.5104560852050781,0.3764982223510742,-0.1302365660667419,0.9949170351028442,0.5282723307609558,0.3805984258651733,-0.1144863590598106,0.9957159161567688,0.515477180480957,0.3792937994003296,-0.0377370156347751,0.9949118494987488,0.5152081251144409,0.3954175114631653,-0.1348347961902618,0.9947439432144164,0.5110203623771667,0.3944663405418396,-0.1127879172563552,0.9907541275024414,0.5438212752342224,0.4154017865657806,-0.1351198405027389,0.9962846040725708,0.5142556428909302,0.4167575240135193,0.0138704683631658,0.9818906784057616,0.5360015034675598,0.3617457151412964,-0.2230808734893798,0.9869424104690552,0.5099878311157227,0.3483377695083618,0.0495727360248565,0.6573646664619446,0.5340470671653748,0.2972610592842102,-0.2444923222064972,0.9377013444900512,0.5221182703971863,0.2881694436073303,0.0329352691769599,0.7264315485954285,0.5351189970970154,0.2789079546928406,-0.2685461938381195,0.8998741507530212,0.5266491174697876,0.2698539793491363,0.0171794593334198,0.6515122056007385,0.534536600112915,0.2770270109176636,-0.2664762139320373,0.8885496258735657,0.5270726680755615,0.2683486342430115,0.0140453428030014,0.6360634565353394,0.5340357422828674,0.2831384539604187,-0.2460771054029464,0.8731940984725952,0.5262894034385681,0.2750910818576813,0.0268985927104949,0.6696681976318359,0.537274181842804,0.5626645684242249,-0.0593806281685829,0.9988601207733154,0.5119426250457764,0.5577907562255859,0.0595440044999122,0.9957215785980223,0.525321900844574,0.6667512059211731,-0.0556562058627605,0.9802144765853882,0.4463896155357361,0.5949105620384216,0.050779927521944,0.8824474215507507,0.524610698223114,0.7570401430130005,0.0231763441115617,0.9856089949607848,0.4966732859611511,0.6170318722724915,0.2621373534202575,0.4949183166027069,0.5256211161613464,0.7724302411079407,0.027802225202322,0.956661820411682,0.5076664090156555,0.6151689291000366,0.2833063900470733,0.6719638705253601,0.5059766173362732,0.7752912640571594,-0.048539649695158,0.9717963337898254,0.4965902268886566,0.6398791670799255,0.2872742116451263,0.5464048385620117,tree
0.5102633237838745,0.3899241983890533,-0.1484122574329376,0.9959293007850648,0.5151679515838623,0.3806774914264679,-0.1478523463010788,0.99577134847641,0.5171927809715271,0.3802788555622101,-0.1478722691535949,0.9948691129684448,0.5193559527397156,0.3798429369926452,-0.1479567885398864,0.996605634689331,0.5120217204093933,0.3801191747188568,-0.1308585703372955,0.994596302509308,0.5117765665054321,0.3793460130691528,-0.1309004426002502,0.9901179671287536,0.5115225911140442,0.3785119652748108,-0.1310026198625564,0.9932634234428406,0.5286769866943359,0.3806484937667846,-0.1155892387032508,0.9947821497917176,0.5176412463188171,0.3800811469554901,-0.0357500724494457,0.9939770698547364,0.514884352684021,0.3980876505374908,-0.1344036161899566,0.9927619099617004,0.5111229419708252,0.3962971568107605,-0.1115277782082557,0.9876838326454164,0.5455220341682434,0.4153524041175842,-0.1256932020187378,0.9963476061820984,0.5151079297065735,0.4141630530357361,0.0217658430337905,0.9824832677841188,0.5368711352348328,0.3630602657794952,-0.2028377056121826,0.9875410199165344,0.5112413167953491,0.3497063815593719,0.0721787959337234,0.6364138126373291,0.5342784523963928,0.3011221885681152,-0.2128688991069793,0.9284407496452332,0.5237966775894165,0.2934716045856476,0.0714021101593971,0.6593127250671387,0.5355420708656311,0.2823673784732818,-0.2343004047870636,0.8814610242843628,0.5285201072692871,0.2750953733921051,0.0581850185990333,0.576123058795929,0.5348186492919922,0.2810412645339966,-0.2311210185289383,0.868069589138031,0.5286829471588135,0.2741659581661224,0.0557944774627685,0.5574255585670471,0.5342732071876526,0.2887311279773712,-0.2136014997959137,0.848832368850708,0.5278199315071106,0.2804979085922241,0.0660068467259407,0.5940262079238892,0.5364845991134644,0.5646021366119385,-0.0596755445003509,0.9985440969467164,0.5103795528411865,0.5566037893295288,0.05986238270998,0.99512779712677,0.5254345536231995,0.6687623858451843,-0.0675057470798492,0.9814159870147704,0.4430753290653229,0.5945234894752502,0.0322555415332317,0.904013991355896,0.5256265997886658,0.7633931636810303,-0.0077861221507191,0.9873393774032592,0.4939067959785461,0.6193907856941223,0.2366632968187332,0.5485327839851379,0.5275134444236755,0.7792214155197144,-0.0055092112161219,0.9510629177093506,0.5049752593040466,0.6174795627593994,0.2566433846950531,0.7015041708946228,0.5056752562522888,0.7816082239151001,-0.0918249264359474,0.9740933179855348,0.4930251538753509,0.6461477279663086,0.252680093050003,0.596940279006958,tree
0.5123683214187622,0.3920857608318329,-0.1310998350381851,0.9970411658287048,0.5168383121490479,0.3833018243312835,-0.1282369047403335,0.9976627826690674,0.5191674828529358,0.38258096575737,-0.1282500922679901,0.9970957040786744,0.5215651392936707,0.3818585574626922,-0.1283240616321563,0.9982520937919616,0.5130819082260132,0.3833675980567932,-0.1127898469567298,0.9966031312942504,0.5125224590301514,0.3827883005142212,-0.1128127425909042,0.9933667778968812,0.5119503140449524,0.3821916282176971,-0.1128936558961868,0.9957387447357178,0.530243992805481,0.3814490735530853,-0.0917273312807083,0.9976130723953248,0.5175282955169678,0.3827296495437622,-0.0188274104148149,0.9963676929473876,0.5178390145301819,0.3999422788619995,-0.1159184351563453,0.9956327080726624,0.5128471851348877,0.3992777466773987,-0.0951028987765312,0.99077045917511,0.5474551916122437,0.4133479297161102,-0.1021704524755477,0.99739408493042,0.5149716734886169,0.4209855198860168,0.0313158296048641,0.9794517755508424,0.5405405759811401,0.3582551181316376,-0.173664391040802,0.9864740967750548,0.5112007260322571,0.349871963262558,0.060249276459217,0.6373744010925293,0.5354321599006653,0.2954322695732116,-0.1682169884443283,0.9167145490646362,0.524141788482666,0.2946237623691559,0.04862717166543,0.548213541507721,0.5363430976867676,0.2752234041690826,-0.1851364076137542,0.8665440082550049,0.5293186902999878,0.2781494855880737,0.0333157405257225,0.4543290436267853,0.5353731513023376,0.2752693295478821,-0.1804442107677459,0.850693941116333,0.529546320438385,0.2784005403518677,0.0340295545756816,0.4312758147716522,0.5347766876220703,0.2830092012882232,-0.1676749587059021,0.8283714652061462,0.5285340547561646,0.2855717539787292,0.0439426973462104,0.4633063375949859,0.5375736355781555,0.5605843663215637,-0.054121695458889,0.9987187385559082,0.5103495717048645,0.5551373362541199,0.0542601272463798,0.9938262104988098,0.5245187282562256,0.6683675050735474,-0.0648214444518089,0.9716446995735168,0.445310890674591,0.5977441072463989,0.0140632120892405,0.8836507797241211,0.5243015885353088,0.7615334391593933,-0.0153532084077596,0.9860228300094604,0.5011686086654663,0.6161542534828186,0.2011452615261078,0.471079558134079,0.5256900191307068,0.7751628756523132,-0.0142675759270787,0.9303982257843018,0.5116876363754272,0.6112924814224243,0.2198123037815094,0.618060827255249,0.4995774328708648,0.7780436873435974,-0.096537634730339,0.9700645804405212,0.5053831934928894,0.6531464457511902,0.2212032824754715,0.5345814824104309,tree
0.512591540813446,0.3904567956924438,-0.1331249773502349,0.9967194199562072,0.5174107551574707,0.3820666074752807,-0.1319026798009872,0.9971234202384948,0.5196287631988525,0.3815743625164032,-0.13192018866539,0.9964349269866944,0.5218932628631592,0.3810523450374603,-0.1319967210292816,0.9978412389755248,0.513749361038208,0.3815938234329223,-0.1163002252578735,0.9956879019737244,0.5132538080215454,0.3808323740959167,-0.1163320392370224,0.991853415966034,0.5127540230751038,0.3800019025802612,-0.1164320856332779,0.9948394894599916,0.5302464365959167,0.3808827400207519,-0.0989625379443168,0.9971874356269836,0.518257737159729,0.3809244930744171,-0.0254182275384664,0.9962518811225892,0.5176856517791748,0.398123562335968,-0.1189278364181518,0.9960882663726808,0.5128859281539917,0.3968822658061981,-0.0979683920741081,0.991894543170929,0.5482447743415833,0.4103955030441284,-0.1067953705787658,0.9979178309440612,0.5138439536094666,0.4160750806331634,0.0236057210713624,0.9880183935165404,0.5399612188339233,0.3557028174400329,-0.1739964932203292,0.9867332577705384,0.5091455578804016,0.3476568758487701,0.0633777976036071,0.737626850605011,0.534431517124176,0.2956512570381164,-0.1743449568748474,0.9227445721626282,0.5236136317253113,0.292749673128128,0.0687426030635833,0.6666309833526611,0.5345360636711121,0.2756470739841461,-0.1918406337499618,0.8746532797813416,0.5277184247970581,0.2760049402713775,0.0553073063492774,0.5561763644218445,0.5336942076683044,0.2758285403251648,-0.1887736767530441,0.8604880571365356,0.5278449058532715,0.2762143313884735,0.0562566295266151,0.5312691330909729,0.5333412289619446,0.283676266670227,-0.1746648252010345,0.8393301367759705,0.52701735496521,0.2820366322994232,0.0646823048591613,0.5653478503227234,0.537851095199585,0.5618476271629333,-0.0529066212475299,0.9990519881248474,0.5092117190361023,0.5548635125160217,0.0530661344528198,0.996357262134552,0.5252278447151184,0.6688520908355713,-0.0651818960905075,0.9737110137939452,0.444888025522232,0.5977911353111267,0.0141050014644861,0.9115058183670044,0.5240181684494019,0.7583721876144409,-0.0010759361321106,0.9829474091529846,0.4980009198188782,0.6177052855491638,0.215560957789421,0.4975343346595764,0.5254984498023987,0.7747700214385986,0.0017524922732263,0.924219012260437,0.5089541673660278,0.6134911775588989,0.2357455939054489,0.6405430436134338,0.5014548301696777,0.7781965136528015,-0.0814008191227912,0.9641836285591124,0.4974520206451416,0.657715916633606,0.2348354160785675,0.5511524081230164,tree
0.5121227502822876,0.3914750218391418,-0.1353842616081237,0.9978160858154296,0.5167462229728699,0.3825851082801819,-0.135333627462387,0.9981112480163574,0.5187911987304688,0.3821468949317932,-0.1353504061698913,0.9976632595062256,0.5209859013557434,0.38167804479599,-0.1354304403066635,0.998557984828949,0.5132485628128052,0.3820594549179077,-0.1188031658530235,0.997003734111786,0.5127931237220764,0.381289005279541,-0.1188373118638992,0.9942998886108398,0.5123339891433716,0.3804808855056762,-0.1189316511154174,0.9962891340255736,0.5299175977706909,0.3816742599010467,-0.1052214130759239,0.998143434524536,0.5177996158599854,0.3817070126533508,-0.0279020611196756,0.9971629977226256,0.5169369578361511,0.3991670608520508,-0.122013583779335,0.9974932670593262,0.5124775767326355,0.3978738486766815,-0.0999909937381744,0.9947262406349182,0.5478912591934204,0.4113427996635437,-0.1156060844659805,0.9986488223075868,0.5152504444122314,0.4150810241699219,0.0277270320802927,0.9901375770568848,0.5371228456497192,0.3614465296268463,-0.1789036244153976,0.9906429648399352,0.5104495286941528,0.3476639688014984,0.0699682235717773,0.7253456711769104,0.5329599976539612,0.2980019748210907,-0.1730656027793884,0.9482738971710204,0.5230958461761475,0.2918581962585449,0.0718915313482284,0.699809193611145,0.5335873365402222,0.277470976114273,-0.1905599236488342,0.9087245464324952,0.527198076248169,0.2743763923645019,0.0584947168827056,0.5939696431159973,0.5333306193351746,0.2770356237888336,-0.1870371550321579,0.8989148736000061,0.5274664163589478,0.2736890614032745,0.0592040419578552,0.5709756016731262,0.5328845381736755,0.2849134504795074,-0.1729751527309417,0.8830999732017517,0.5266233086585999,0.2810017764568329,0.067566692829132,0.59988933801651,0.5368312001228333,0.563847005367279,-0.0573626980185508,0.9993152618408204,0.5096721649169922,0.556861162185669,0.0575041882693767,0.997033715248108,0.5226988792419434,0.6690768599510193,-0.072336308658123,0.9702150225639344,0.4436995089054107,0.5991795659065247,0.0303694941103458,0.880907416343689,0.5240503549575806,0.7581853866577148,0.0115447686985135,0.9749829173088074,0.5007582902908325,0.6162858605384827,0.2342853099107742,0.4295659363269806,0.5251966118812561,0.7730870842933655,0.0174439530819654,0.9184918403625488,0.5130082368850708,0.6120396256446838,0.2556224167346954,0.6063400506973267,0.5024482607841492,0.7768889665603638,-0.0521521493792533,0.9539012908935548,0.5036382675170898,0.6579484343528748,0.2643897235393524,0.5024337768554688,tree
0.5116192698478699,0.3912823498249054,-0.1210648790001869,0.9946691393852234,0.5160995721817017,0.3824350237846374,-0.1197177395224571,0.9957830905914308,0.5183215737342834,0.381971538066864,-0.1197357028722763,0.9947184324264526,0.5206180810928345,0.381527304649353,-0.1198121756315231,0.9968886971473694,0.5126059651374817,0.3824801445007324,-0.1026875972747802,0.9939154982566832,0.5121908187866211,0.3820761442184448,-0.1027097478508949,0.988509237766266,0.5117700695991516,0.3816346526145935,-0.1027851551771164,0.9929834604263306,0.5296323895454407,0.3822230398654938,-0.0918407440185546,0.99556702375412,0.5183300375938416,0.3827295899391174,-0.0118194101378321,0.9932181239128112,0.5171108245849609,0.3989987075328827,-0.1093404442071914,0.9925975799560548,0.5124972462654114,0.3985205292701721,-0.0864168256521225,0.9849252104759216,0.5479859113693237,0.4159989953041076,-0.107089839875698,0.996113896369934,0.5141971111297607,0.4261848628520965,0.0365245714783668,0.9723666310310364,0.5393300652503967,0.3570031523704529,-0.1784330159425735,0.983845353126526,0.5108606219291687,0.349004328250885,0.0639836564660072,0.5290662050247192,0.5332503914833069,0.2931510508060455,-0.1713044494390487,0.8906685709953308,0.5222664475440979,0.2948829233646393,0.0336414203047752,0.4911762177944183,0.5338104963302612,0.2747475802898407,-0.1893094182014465,0.8412308692932129,0.5266802310943604,0.276601642370224,0.0149333123117685,0.4283853769302368,0.5328022241592407,0.2745420634746551,-0.1859833151102066,0.8212053775787354,0.527144730091095,0.2764188647270202,0.0138411493971943,0.4098180830478668,0.532336950302124,0.2799360454082489,-0.1712947487831115,0.7948624491691589,0.5263601541519165,0.2836357355117798,0.0275932066142559,0.4416020810604095,0.5373143553733826,0.5623444318771362,-0.0537474974989891,0.9987938404083252,0.5090144276618958,0.5571040511131287,0.0538736209273338,0.9937275648117064,0.524435818195343,0.6730716228485107,-0.0601690784096717,0.9767599701881408,0.4445915818214416,0.5979340076446533,0.0109998378902673,0.890912652015686,0.5231174230575562,0.7642685174942017,0.0009515591664239,0.9886836409568788,0.5005698204040527,0.6137503981590271,0.2011800110340118,0.486623078584671,0.524562656879425,0.7766656875610352,0.0031268917955458,0.9289114475250244,0.5115882754325867,0.6082022786140442,0.2201077491044998,0.6295190453529358,0.4988597929477691,0.7817491292953491,-0.0796214193105697,0.9729642868041992,0.5057247877120972,0.6484660506248474,0.221046894788742,0.5402514934539795,tree
0.5116044878959656,0.3909557461738586,-0.119069717824459,0.9966267347335817,0.5163512229919434,0.3820484280586242,-0.1154329627752304,0.9973691701889038,0.5185946822166443,0.3816239535808563,-0.1154490336775779,0.9966855645179749,0.5208948850631714,0.3811982274055481,-0.1155197024345398,0.997967541217804,0.5126003623008728,0.3818452060222626,-0.099516861140728,0.9962716102600098,0.5120944976806641,0.3813163638114929,-0.0995377451181411,0.9927400946617126,0.5116134285926819,0.3807551562786102,-0.0996078550815582,0.9954656958580016,0.5298189520835876,0.3814543783664703,-0.0789547339081764,0.9971612691879272,0.5179556608200073,0.3814099729061126,-0.0040716929361224,0.9956476092338562,0.5169649720191956,0.3984581232070923,-0.1043973416090011,0.9945278763771056,0.5120934844017029,0.3977376818656921,-0.0829630196094513,0.9891267418861388,0.5475298762321472,0.4147266149520874,-0.0952735394239425,0.996846616268158,0.514741837978363,0.4221583902835846,0.0449350103735923,0.975418508052826,0.537908673286438,0.3569645583629608,-0.1754124164581298,0.9861814379692078,0.5113370418548584,0.3492686450481415,0.067178338766098,0.618837296962738,0.5341926217079163,0.2945850789546966,-0.1775482594966888,0.9139806032180786,0.5224341750144958,0.2923099100589752,0.044222243130207,0.569816529750824,0.5348902940750122,0.2755357623100281,-0.1966426372528076,0.8633410930633545,0.5277978777885437,0.2757458388805389,0.0266853086650371,0.4834764301776886,0.5337711572647095,0.2752200365066528,-0.1917113661766052,0.8456629514694214,0.5282467603683472,0.2756702601909637,0.0268582459539175,0.4608402252197265,0.5332930684089661,0.282873123884201,-0.1772280484437942,0.8240618109703064,0.5272255539894104,0.2830817997455597,0.0389122031629085,0.4917694926261902,0.5363791584968567,0.5595861077308655,-0.055491916835308,0.998494029045105,0.5096889734268188,0.5557471513748169,0.0556552410125732,0.9917333126068116,0.5240147709846497,0.6683413982391357,-0.06593968719244,0.9731893539428712,0.4450022578239441,0.5978996157646179,0.0159255024045705,0.8751338720321655,0.523698627948761,0.7652736902236938,-0.0222263466566801,0.9874449968338012,0.5005238652229309,0.6174957156181335,0.1916955709457397,0.4769547581672668,0.5250507593154907,0.77751624584198,-0.0221337117254734,0.931586980819702,0.5100661516189575,0.612739622592926,0.2087455689907074,0.6218498945236206,0.5026861429214478,0.7835177779197693,-0.1077195554971695,0.9718189239501952,0.5051019191741943,0.6524232029914856,0.2057748138904571,0.5328313112258911,tree
0.511199951171875,0.3918453454971313,-0.1198574155569076,0.9972122311592102,0.5151020288467407,0.3830819129943847,-0.1200215816497802,0.9980097413063048,0.5169641375541687,0.3827021718025207,-0.1200303062796592,0.9975656270980836,0.5190032720565796,0.3822804689407348,-0.1200892105698585,0.9985609650611876,0.5124956369400024,0.3831644654273987,-0.1011490821838378,0.9968680739402772,0.5123647451400757,0.3828932046890259,-0.1011603847146034,0.9938341379165648,0.5122519135475159,0.3825258910655975,-0.1012235134840011,0.996119499206543,0.5285505652427673,0.3831561207771301,-0.0991590246558189,0.9977070093154908,0.5196371674537659,0.3831434249877929,-0.0109352692961692,0.9961362481117249,0.5163605213165283,0.3997974395751953,-0.1108589917421341,0.9958564639091492,0.5127785205841064,0.3995843529701233,-0.0856117382645607,0.9903231859207152,0.5474535822868347,0.4202238321304321,-0.1177472323179245,0.997162401676178,0.5137914419174194,0.4242966473102569,0.0352346710860729,0.9790801405906676,0.5384055972099304,0.362521767616272,-0.1884424835443496,0.9878647923469543,0.5091749429702759,0.3502028882503509,0.0577530935406684,0.6530145406723022,0.5319257378578186,0.299347847700119,-0.1819502264261245,0.9280242323875428,0.5208638906478882,0.2961862683296203,0.020658753812313,0.6485998630523682,0.5332763195037842,0.2808517217636108,-0.2009950578212738,0.8925756216049194,0.5246657133102417,0.2792175412178039,-0.0002166944759665,0.5554338693618774,0.532404363155365,0.2788409292697906,-0.2003038376569748,0.8795624375343323,0.5245614051818848,0.2766309082508087,-0.0008350101998075,0.535861074924469,0.5315409302711487,0.2849072515964508,-0.1828644573688507,0.8584575653076172,0.5240306258201599,0.2851080894470215,0.0143421590328216,0.5588291883468628,0.5373935699462891,0.56316739320755,-0.0553112402558326,0.9992245435714722,0.5089024305343628,0.5580203533172607,0.0553670413792133,0.994809865951538,0.5242761969566345,0.670749306678772,-0.0578655675053596,0.9778105020523072,0.4448331892490387,0.5984429121017456,0.0216891970485448,0.8951804637908936,0.5230299234390259,0.7627375721931458,0.0051699490286409,0.989046275615692,0.5040615797042847,0.6196998357772827,0.2213039100170135,0.4424861371517181,0.5247160792350769,0.7768800258636475,0.0074783801101148,0.917436957359314,0.5136587619781494,0.6123986840248108,0.2415824383497238,0.5983549356460571,0.4977309703826904,0.7792182564735413,-0.0736078545451164,0.9725131988525392,0.5126901268959045,0.6531477570533752,0.2468745410442352,0.5236754417419434,tree
0.5094952583312988,0.3924092054367065,-0.1221161261200904,0.9946900606155396,0.514265775680542,0.3834114074707031,-0.1227436512708664,0.9951981902122498,0.5162164568901062,0.3830219507217407,-0.1227716580033302,0.9943376183509828,0.518303632736206,0.3825524449348449,-0.122843287885189,0.9962815642356871,0.5114560723304749,0.3828436136245727,-0.1050081476569175,0.9932762384414672,0.5113478302955627,0.3820840716361999,-0.105038896203041,0.9879046082496644,0.5112601518630981,0.3812583088874817,-0.105145014822483,0.9919497966766356,0.5274749994277954,0.3828810453414917,-0.1000465378165245,0.993999719619751,0.5179296731948853,0.3826837539672851,-0.0172334667295217,0.9926026463508606,0.5141081809997559,0.4005825817584991,-0.1120083183050155,0.9925156235694884,0.5106630325317383,0.399093359708786,-0.0882567390799522,0.9866620898246764,0.5445282459259033,0.4158058762550354,-0.1202161908149719,0.9967380166053772,0.5147715210914612,0.4191752672195434,0.0329566784203052,0.9792206287384032,0.5356106162071228,0.3685237169265747,-0.2048172056674957,0.9856013655662536,0.5104783177375793,0.3523038327693939,0.0745994001626968,0.5942431092262268,0.532222330570221,0.3026255369186401,-0.2213189154863357,0.9300719499588012,0.5216715335845947,0.2938379645347595,0.0614484660327434,0.6620782017707825,0.5327498316764832,0.284521222114563,-0.2437227666378021,0.8940892219543457,0.5253239274024963,0.2758766114711761,0.0466364622116088,0.5988591909408569,0.5322716236114502,0.2829288840293884,-0.2410235404968261,0.8804593086242676,0.5259185433387756,0.2752534747123718,0.0435088984668254,0.5819272994995117,0.531848132610321,0.2892596423625946,-0.2221403419971466,0.8583782911300659,0.5253200531005859,0.2823667526245117,0.0554476752877235,0.6155864000320435,0.5358033776283264,0.5646502375602722,-0.0593152046203613,0.998582124710083,0.5094557404518127,0.5586840510368347,0.0594891086220741,0.994073450565338,0.5230739116668701,0.6675997972488403,-0.0650487318634986,0.9760000109672546,0.443477064371109,0.597195565700531,0.0327196456491947,0.8794059753417969,0.5239719748497009,0.759840190410614,-0.0065218298695981,0.9868454933166504,0.4979597926139831,0.620431661605835,0.2257846295833587,0.4845591187477112,0.5253251791000366,0.7754615545272827,-0.0046311100013554,0.9430897831916808,0.5077614188194275,0.616986095905304,0.2446725368499755,0.648513674736023,0.5036615133285522,0.7793160676956177,-0.0890984982252121,0.9730364084243774,0.496488481760025,0.658272922039032,0.2431820183992386,0.5498601198196411,tree
0.5123976469039917,0.3905670046806335,-0.1135098189115524,0.9971724152565002,0.5169492959976196,0.3820213377475738,-0.1111020296812057,0.997779905796051,0.5190644264221191,0.3817185461521148,-0.1111103668808937,0.9971326589584352,0.5213215947151184,0.3813108205795288,-0.1111803874373436,0.9984002709388732,0.5132822394371033,0.3815727531909942,-0.095032975077629,0.9966537952423096,0.5127521753311157,0.3811045885086059,-0.095054805278778,0.9932803511619568,0.5122442841529846,0.3805482983589172,-0.0951220318675041,0.9960632920265198,0.5298410058021545,0.3817794024944305,-0.0789584368467331,0.9977444410324096,0.518423855304718,0.380935937166214,-0.0035572319757193,0.9964014291763306,0.5175438523292542,0.3979079127311706,-0.1004277244210243,0.9961208701133728,0.5126162767410278,0.3972156643867492,-0.0788823068141937,0.9919148683547974,0.5464302897453308,0.4166836738586426,-0.094583012163639,0.9975025057792664,0.5151231288909912,0.4216958284378052,0.0457137152552604,0.9819951057434082,0.5366200804710388,0.3582112491130829,-0.1610972434282302,0.9875646233558656,0.5111249685287476,0.3482175171375274,0.0737218931317329,0.6611774563789368,0.5321559309959412,0.298206478357315,-0.1484661698341369,0.9183460474014282,0.5212813019752502,0.2959184348583221,0.0578231699764728,0.5785037279129028,0.5333157181739807,0.2789469063282013,-0.1654231995344162,0.8711575865745544,0.5261988639831543,0.2795694172382355,0.0408277064561843,0.4811421632766723,0.5322972536087036,0.2789914309978485,-0.1620272248983383,0.8553287982940674,0.5267407894134521,0.279526025056839,0.0418544001877307,0.4581538438796997,0.5315043330192566,0.2843934595584869,-0.1484319418668747,0.834951639175415,0.5256463885307312,0.2866478264331817,0.0527464225888252,0.4910593032836914,0.5359935164451599,0.5605008006095886,-0.0537142753601074,0.9988344311714172,0.5104594826698303,0.5565144419670105,0.0538367517292499,0.9937704205513,0.5235866904258728,0.6719948649406433,-0.0668381080031395,0.9715343117713928,0.4444798529148102,0.598494291305542,0.0043886532075703,0.8765611052513123,0.5229960680007935,0.763140082359314,-0.0123922368511557,0.9852858185768129,0.5024797916412354,0.6153859496116638,0.1936916410923004,0.4219066202640533,0.5247450470924377,0.7765623331069946,-0.0106135234236717,0.9170047044754028,0.5125025510787964,0.6098036170005798,0.212814599275589,0.5861296057701111,0.4992018342018127,0.7818881869316101,-0.0916598066687583,0.9662391543388368,0.5091307163238525,0.6494815349578857,0.2154842317104339,0.4860572814941406,tree
0.5092526078224182,0.3919215202331543,-0.1198766082525253,0.9966840147972108,0.5138733386993408,0.3831601142883301,-0.1186064630746841,0.9971938133239746,0.5159052014350891,0.3826024830341339,-0.1186288967728614,0.9965129494667052,0.5180491209030151,0.381909430027008,-0.1187053099274635,0.9978151321411132,0.5106118321418762,0.3827702105045318,-0.1019491925835609,0.9960457682609558,0.5102874636650085,0.3820080757141113,-0.1019786223769187,0.9924728870391846,0.5099658370018005,0.3811726868152618,-0.1020722538232803,0.9951306581497192,0.5273253917694092,0.3811944127082824,-0.0889271795749664,0.9968850016593932,0.5161925554275513,0.3818102478981018,-0.0106543349102139,0.9958635568618774,0.5141980051994324,0.3994717895984649,-0.1072763353586196,0.9951908588409424,0.5100054144859314,0.3984143137931824,-0.0848685279488563,0.9904296398162842,0.5456253886222839,0.4135768711566925,-0.1027894169092178,0.9973284006118774,0.5140455961227417,0.4200270473957062,0.0385629907250404,0.9829385280609132,0.5338099002838135,0.3590589165687561,-0.1717255711555481,0.9869301319122314,0.5105602741241455,0.3502382338047027,0.0771269649267196,0.6294066309928894,0.5315141081809998,0.2962155044078827,-0.167219266295433,0.9269028306007384,0.5213591456413269,0.2914399206638336,0.0705856680870056,0.6096976399421692,0.5315945148468018,0.2781615853309631,-0.1852742433547973,0.8831400275230408,0.5253187417984009,0.2749457657337188,0.0562161020934581,0.5228628516197205,0.5308181047439575,0.2773423194885254,-0.1821093410253524,0.8693544268608093,0.5253661870956421,0.2742847204208374,0.055601567029953,0.5019260048866272,0.5305880308151245,0.2834075093269348,-0.1674854606389999,0.8509995341300964,0.5246253609657288,0.2799474596977234,0.0654259175062179,0.5375173687934875,0.5361754894256592,0.5635899901390076,-0.0556046068668365,0.998843550682068,0.5094481706619263,0.5584415793418884,0.0557639710605144,0.9952378273010254,0.5230740308761597,0.6703925728797913,-0.0618466660380363,0.9769583344459534,0.4440598487854004,0.5980167388916016,0.0204908568412065,0.8971384763717651,0.523343026638031,0.7645270824432373,-0.0007595511269755,0.9853166937828064,0.4952703416347503,0.6186271905899048,0.2195817530155182,0.481050580739975,0.5249037742614746,0.7804334759712219,0.0016075649764388,0.9372804164886476,0.5060729384422302,0.6147142052650452,0.2395293265581131,0.6365312337875366,0.5000690817832947,0.7821276783943176,-0.0786733254790306,0.9698528051376344,0.4964451193809509,0.6452353596687317,0.2423397749662399,0.5474058389663696,tree
0.5103267431259155,0.3942578136920929,-0.1349648535251617,0.996196150779724,0.5145816206932068,0.3849952816963196,-0.1345525681972503,0.9962331652641296,0.5164578557014465,0.3845300078392029,-0.1345832198858261,0.99530291557312,0.5185028910636902,0.384048193693161,-0.1346592903137207,0.996806502342224,0.511478066444397,0.3846167922019958,-0.1165810972452163,0.9953976273536682,0.5111676454544067,0.3839123845100403,-0.1166230663657188,0.9917994737625122,0.5108413696289062,0.3832142651081085,-0.116728127002716,0.9945316314697266,0.5272291898727417,0.3847547173500061,-0.1075140386819839,0.9951382279396056,0.5164077281951904,0.3849717378616333,-0.0233014281839132,0.994873821735382,0.5150686502456665,0.4021653234958648,-0.1232685670256614,0.9934084415435792,0.5111035108566284,0.4007693827152252,-0.0990724265575409,0.9891951084136964,0.5447892546653748,0.4177553951740265,-0.1260150969028473,0.9958398342132568,0.5139600038528442,0.4205080270767212,0.0282149109989404,0.9830105304718018,0.536401093006134,0.3606608510017395,-0.211688607931137,0.9865869879722596,0.5086035132408142,0.3540014028549194,0.0668729916214943,0.6482387185096741,0.5329408645629883,0.2979790866374969,-0.2256123572587967,0.931895673274994,0.5201512575149536,0.2946629226207733,0.0479365587234497,0.7199198603630066,0.5331900119781494,0.2793633639812469,-0.2489211112260818,0.8904137015342712,0.5244572162628174,0.2779521644115448,0.0326986461877822,0.6471517086029053,0.53219074010849,0.2777307331562042,-0.245519682765007,0.8770925402641296,0.5250422358512878,0.27658811211586,0.028842557221651,0.6311745047569275,0.5318287014961243,0.2845446169376373,-0.2265027016401291,0.858111560344696,0.5242204070091248,0.2830912470817566,0.0416337847709655,0.6635406613349915,0.5354377627372742,0.5673750042915344,-0.0603692419826984,0.9985583424568176,0.5098600387573242,0.5608524680137634,0.0605400279164314,0.9947485327720642,0.5221986174583435,0.6697266101837158,-0.0616761073470115,0.9788827300071716,0.4417493343353271,0.59649258852005,0.0401198528707027,0.8930659890174866,0.52326899766922,0.7619112730026245,0.0054086679592728,0.9869033098220824,0.4936373829841614,0.6211280226707458,0.2344402968883514,0.5281785726547241,0.5247417688369751,0.7779412865638733,0.0083148283883929,0.9543094038963318,0.5048072934150696,0.6185547709465027,0.2536079883575439,0.6878947019577026,0.5046501755714417,0.7786455154418945,-0.0733644068241119,0.973666250705719,0.4971635341644287,0.6476578116416931,0.2520863115787506,0.5828466415405273,tree
0.5110167264938354,0.3937905132770538,-0.113074742257595,0.9967113733291626,0.5154178738594055,0.3850164413452148,-0.1121802926063537,0.9975636005401612,0.5175531506538391,0.3844151794910431,-0.1122074276208877,0.9969921112060548,0.5197700262069702,0.3837504982948303,-0.112286664545536,0.9981971383094788,0.511726975440979,0.3850780129432678,-0.0949092879891395,0.9962905645370485,0.5111666321754456,0.3845633864402771,-0.0949334874749183,0.9927821159362792,0.5106196403503418,0.3839970231056213,-0.0950135439634323,0.9955132603645324,0.528577983379364,0.3830545544624328,-0.0866304039955139,0.9973177313804626,0.5167127251625061,0.3842832446098327,-0.0057182917371392,0.9958482980728148,0.5163217782974243,0.4008672833442688,-0.1022621542215347,0.9952025413513184,0.5113288760185242,0.4005231261253357,-0.0790467709302902,0.9895163178443908,0.5465644001960754,0.4143934845924377,-0.1050396934151649,0.9969294667243958,0.5145580172538757,0.4257801175117492,0.0412696450948715,0.9754565358161926,0.5359880924224854,0.3579800426959991,-0.1792114078998565,0.984939992427826,0.5102494359016418,0.3514589667320251,0.0747806429862976,0.5273877382278442,0.5305399894714355,0.2959300875663757,-0.1772384047508239,0.9082593321800232,0.5203695893287659,0.2944758236408233,0.0603904202580452,0.4937590062618255,0.5309503674507141,0.2764895558357239,-0.1963796764612198,0.8631101250648499,0.5240320563316345,0.2768992185592651,0.0446694791316986,0.4227719008922577,0.5299832820892334,0.275894820690155,-0.1937963962554931,0.846815288066864,0.5242956280708313,0.2762806713581085,0.0443609058856964,0.402905136346817,0.5294989347457886,0.2815085649490356,-0.1778101772069931,0.8248694539070129,0.5235253572463989,0.2836203277111053,0.0551040545105934,0.44321209192276,0.5364030003547668,0.5623428225517273,-0.0541318729519844,0.9990702271461488,0.5099393725395203,0.5570983290672302,0.0542683713138103,0.995084822177887,0.5236853361129761,0.6708803772926331,-0.0610505864024162,0.9708694219589232,0.4438399374485016,0.5994052290916443,0.0164150726050138,0.8731675744056702,0.5232939720153809,0.7598538994789124,-0.0019369043875485,0.9838467836380004,0.4976411759853363,0.6185336709022522,0.2162903994321823,0.3758899271488189,0.5251198410987854,0.7736731767654419,0.0004273728118278,0.9231589436531068,0.5081019401550293,0.6145268678665161,0.2366859018802642,0.5612045526504517,0.4993094503879547,0.7789669036865234,-0.0781194046139717,0.9646816253662108,0.4981887936592102,0.6517345905303955,0.2422609776258468,0.4345114231109619,tree
0.510785698890686,0.3943302035331726,-0.1151007413864135,0.996591567993164,0.5150003433227539,0.3860510587692261,-0.1128553599119186,0.9972723126411438,0.5170189142227173,0.385377436876297,-0.1128637641668319,0.996557116508484,0.5191885828971863,0.3845506310462951,-0.1129331439733505,0.9980729818344116,0.5115203857421875,0.3861058950424194,-0.0972868129611015,0.9957491159439088,0.5110536217689514,0.3855511546134949,-0.097302496433258,0.9913459420204164,0.5106020569801331,0.3849176168441772,-0.0973689034581184,0.9947230815887452,0.5274246335029602,0.3831228613853454,-0.0788367092609405,0.9974223375320436,0.5162578821182251,0.3847260773181915,-0.005146122071892,0.995403289794922,0.5159761905670166,0.4003615081310272,-0.1008711829781532,0.9952599406242372,0.511326789855957,0.3999513685703277,-0.0798380896449089,0.9888954162597656,0.5466551780700684,0.414076030254364,-0.0891281738877296,0.9977300763130188,0.5121508240699768,0.4241001009941101,0.0443267859518528,0.9804505109786988,0.5352938175201416,0.3578801155090332,-0.147805631160736,0.9878368973731996,0.508987307548523,0.3500181436538696,0.0678230673074722,0.6653903722763062,0.5302937626838684,0.2994416654109955,-0.12692192196846,0.9172354340553284,0.5197834968566895,0.2982202768325805,0.0502505227923393,0.548530638217926,0.5313841700553894,0.2802208960056305,-0.1418325155973434,0.8670057058334351,0.5248109698295593,0.2815088927745819,0.0324269048869609,0.4407055974006653,0.5301712155342102,0.2796324491500854,-0.1384488642215728,0.8518642783164978,0.524966835975647,0.2806912958621979,0.0349297411739826,0.4158245325088501,0.5294873118400574,0.285598486661911,-0.1266091912984848,0.832659900188446,0.5239353179931641,0.2883573174476623,0.0455710291862487,0.4458069205284118,0.5367822647094727,0.5629429221153259,-0.0522163026034832,0.9988454580307008,0.5086953043937683,0.558361828327179,0.0523259229958057,0.9941946864128112,0.523887574672699,0.6731032729148865,-0.0658871307969093,0.9733768105506896,0.4444527626037597,0.5988407731056213,0.002956787822768,0.9019485116004944,0.5223170518875122,0.7640577554702759,-0.0096150822937488,0.9855886101722716,0.4986352324485779,0.617636501789093,0.1959293335676193,0.4774523675441742,0.5236465334892273,0.7764432430267334,-0.0075879348441958,0.9118224382400512,0.5087615847587585,0.6119244694709778,0.2154975682497024,0.6196317672729492,0.4980954229831695,0.7806311845779419,-0.0878673493862152,0.967337429523468,0.5015807151794434,0.6540899276733398,0.2192710936069488,0.5385448932647705,tree
0.5104573369026184,0.3922095894813537,-0.1564729660749435,0.9966071844100952,0.5154987573623657,0.3840951025485992,-0.1531108021736145,0.9966894388198853,0.5177068114280701,0.3836298286914825,-0.1531256139278412,0.9958086013793944,0.5200543999671936,0.3831198513507843,-0.1532076150178909,0.9973317384719848,0.5115635395050049,0.3835763931274414,-0.1374954134225845,0.9960362315177916,0.5108930468559265,0.3828306794166565,-0.1375340223312378,0.9926567673683168,0.5101865530014038,0.3820249140262604,-0.1376267075538635,0.9952002763748168,0.5292739272117615,0.3835619390010834,-0.114615723490715,0.996162176132202,0.5168156027793884,0.3830143511295318,-0.0406914204359054,0.9955014586448668,0.5157909989356995,0.4009014964103699,-0.1408245861530304,0.9937385320663452,0.5105492472648621,0.3993360698223114,-0.1196545138955116,0.9891828894615172,0.5474483370780945,0.4184836745262146,-0.1270790845155716,0.9954174757003784,0.5128167271614075,0.422260582447052,0.015090649947524,0.9809098839759828,0.5346956253051758,0.3587684035301208,-0.2020473927259445,0.9880869388580322,0.5095148086547852,0.3497510552406311,0.0528155490756034,0.7023500800132751,0.5308178067207336,0.2935197055339813,-0.204015165567398,0.9235525131225586,0.5187923908233643,0.2917216718196869,0.0381391979753971,0.7002516388893127,0.5311501622200012,0.2742975354194641,-0.223916009068489,0.8712244629859924,0.5226007103919983,0.2740924954414367,0.0226625781506299,0.6111457347869873,0.530065655708313,0.2739032208919525,-0.2197776734828949,0.8549788594245911,0.5227444171905518,0.2737742960453033,0.0207860525697469,0.590898871421814,0.529595673084259,0.2807334363460541,-0.2042372971773147,0.8364741802215576,0.522075891494751,0.2807772755622864,0.0324034206569194,0.6243162751197815,0.5360203385353088,0.5662282705307007,-0.0571024604141712,0.9982014894485474,0.509137749671936,0.5605023503303528,0.0572429671883583,0.9936851859092712,0.5227670073509216,0.6713597178459167,-0.0596206113696098,0.9770315289497375,0.4415881633758545,0.5979129076004028,0.0314563997089862,0.892253041267395,0.5243147015571594,0.7621194124221802,0.0048913280479609,0.9850851893424988,0.4937295019626617,0.6207379698753357,0.221178263425827,0.5254190564155579,0.5257598757743835,0.7787899374961853,0.007373587694019,0.9405210614204408,0.5050761103630066,0.6183019280433655,0.2394732534885406,0.6669100522994995,0.5049794912338257,0.7812672853469849,-0.0760571733117103,0.9688826203346252,0.4966122508049011,0.6477800011634827,0.2351658791303634,0.5775476098060608,tree
0.5105740427970886,0.3953467011451721,-0.1201800853013992,0.994532346725464,0.5147796273231506,0.3864903450012207,-0.1199429184198379,0.9958167672157288,0.5167025923728943,0.3859758079051971,-0.1199602037668228,0.9949849843978882,0.5187605023384094,0.3853583335876465,-0.120029866695404,0.9968313574790956,0.5116643905639648,0.3862766027450561,-0.1021025404334068,0.994163691997528,0.5113774538040161,0.3857250809669494,-0.1021191626787185,0.9890411496162416,0.5111119151115417,0.3850961625576019,-0.1021937131881713,0.9927927255630492,0.5269560813903809,0.3838247656822204,-0.095408022403717,0.9953330159187316,0.5170978903770447,0.3846432864665985,-0.0113768484443426,0.9928197264671326,0.5155846476554871,0.4018696546554565,-0.1095303446054458,0.9906124472618104,0.5111929774284363,0.4013353884220123,-0.085417203605175,0.981255292892456,0.5464769005775452,0.4148060977458954,-0.11175437271595,0.995715320110321,0.5122079849243164,0.4237486124038696,0.0378158017992973,0.9663730263710022,0.5338026285171509,0.3600664436817169,-0.1840738803148269,0.9840944409370422,0.5109476447105408,0.349876195192337,0.0685798302292823,0.5235630869865417,0.5282860398292542,0.2972224056720733,-0.1792544871568679,0.9036704301834106,0.5179436802864075,0.2959446310997009,0.0391894467175006,0.5212866067886353,0.5291928648948669,0.2761323153972626,-0.1981873214244842,0.8625729084014893,0.521959125995636,0.2782444953918457,0.0220442041754722,0.4528488218784332,0.528516948223114,0.2753964066505432,-0.1956783086061477,0.8457334041595459,0.5222713351249695,0.2770529091358185,0.0194839183241128,0.4350318908691406,0.5278069376945496,0.2820019721984863,-0.1796525716781616,0.8211721181869507,0.5212141275405884,0.2831662595272064,0.0327306874096393,0.4714418351650238,0.5360013842582703,0.5632854104042053,-0.0579068288207054,0.9987502098083496,0.5093122124671936,0.5592661499977112,0.0580643340945243,0.9937468767166138,0.5235368609428406,0.6695650815963745,-0.0633398070931434,0.9830605387687684,0.4449663162231445,0.5985460877418518,0.0286434832960367,0.9028884172439576,0.5227776765823364,0.7612015604972839,-0.0209392569959163,0.9916760921478271,0.4969303011894226,0.6206502914428711,0.2123507559299469,0.537134051322937,0.5245710015296936,0.7740293145179749,-0.0210391283035278,0.9436261653900146,0.5069918036460876,0.6157868504524231,0.2303076684474945,0.6575067639350891,0.5001471042633057,0.7808811664581299,-0.1058806031942367,0.979544460773468,0.4943689703941345,0.6532143354415894,0.230841726064682,0.5939969420433044,tree
0.5086474418640137,0.3898582756519317,-0.1216894164681434,0.9963513612747192,0.5135690569877625,0.3816491961479187,-0.1204222217202186,0.9967371821403505,0.515558123588562,0.3812426924705505,-0.120444156229496,0.9959283471107484,0.5176169872283936,0.3807509541511535,-0.1205136030912399,0.997427761554718,0.510558545589447,0.3809099197387695,-0.1034755855798721,0.995583713054657,0.5103910565376282,0.3800633251667022,-0.1035040393471717,0.9917741417884828,0.5102550983428955,0.379164308309555,-0.1035996228456497,0.9946362376213074,0.527151882648468,0.3805875778198242,-0.0919014066457748,0.9962258338928224,0.5176811814308167,0.3800186812877655,-0.0123446667566895,0.9952390193939208,0.5137882232666016,0.3981343507766723,-0.1097653359174728,0.994559109210968,0.5097881555557251,0.3966406881809234,-0.0869668051600456,0.9898057579994202,0.5450627207756042,0.4161913692951202,-0.1085682287812233,0.9966860413551332,0.5158228278160095,0.419200986623764,0.0349278859794139,0.9830465912818908,0.5324835181236267,0.3573627471923828,-0.1812228560447693,0.9876495003700256,0.51111900806427,0.3475001156330108,0.0707902535796165,0.6637334227561951,0.5298678874969482,0.294705331325531,-0.1799001991748809,0.9331139922142028,0.5193423628807068,0.2910076677799225,0.0586086101830005,0.6737174391746521,0.5302533507347107,0.2759319543838501,-0.199412852525711,0.892417848110199,0.523398756980896,0.27451291680336,0.0432071052491664,0.5884813070297241,0.529205322265625,0.2759884595870971,-0.1964699178934097,0.8791652321815491,0.5233156681060791,0.2741415798664093,0.0412533096969127,0.5693339109420776,0.5287297964096069,0.2823713719844818,-0.1803885996341705,0.8602673411369324,0.5224345922470093,0.2799288928508758,0.0527776852250099,0.603087306022644,0.5359151363372803,0.5646947622299194,-0.0556320324540138,0.9987909197807312,0.5093811750411987,0.5590915083885193,0.0557863190770149,0.9955255389213562,0.523754894733429,0.6705607175827026,-0.0575920715928077,0.9798122644424438,0.4448297619819641,0.5973988175392151,0.0220475159585475,0.9098244905471802,0.5226920247077942,0.764928936958313,0.0051302686333656,0.9874967336654664,0.4922579824924469,0.6215515732765198,0.2189769446849823,0.5372506976127625,0.5246225595474243,0.779982328414917,0.0073716612532734,0.9415029883384703,0.5038722157478333,0.6187390685081482,0.2382897436618805,0.6681184768676758,0.4991537034511566,0.7821933031082153,-0.0758244693279266,0.9734147787094116,0.4953924119472503,0.6492188572883606,0.2368631809949875,0.5942370891571045,tree
0.510439932346344,0.3933509886264801,-0.1448562294244766,0.99619460105896,0.5152069926261902,0.3840767741203308,-0.1406938731670379,0.9966712594032288,0.5175507664680481,0.3835290372371673,-0.140722706913948,0.9959079027175904,0.520046055316925,0.3829163908958435,-0.1408056020736694,0.9972848892211914,0.5108345746994019,0.3838649094104767,-0.1242112293839454,0.995930016040802,0.5099928975105286,0.3832181394100189,-0.1242351308465004,0.9922284483909608,0.5091599225997925,0.3826107978820801,-0.1243205815553665,0.994687795639038,0.5288360714912415,0.3822818994522095,-0.100443460047245,0.9958013892173768,0.5151398181915283,0.3826672732830047,-0.0223300661891698,0.994808793067932,0.5162051320075989,0.4012821316719055,-0.1286052912473678,0.9919235110282898,0.5103011131286621,0.4004395604133606,-0.1061595454812049,0.9854934811592102,0.5477866530418396,0.4148760437965393,-0.1130415201187133,0.9949837923049928,0.5131466388702393,0.4222732484340668,0.0347319208085536,0.9713746905326844,0.5374007821083069,0.3594580888748169,-0.20241279900074,0.985056221485138,0.5097299814224243,0.3542668521404266,0.0801875591278076,0.5165624022483826,0.5311424732208252,0.2965215146541595,-0.220178872346878,0.9073138236999512,0.5191134214401245,0.2959567308425903,0.0683732107281684,0.5468701720237732,0.5316582322120667,0.275715708732605,-0.2420191466808319,0.8528416156768799,0.5234068036079407,0.2774427235126495,0.0552202984690666,0.4865468144416809,0.5304098129272461,0.2750687897205353,-0.2366871535778045,0.834257185459137,0.5236477851867676,0.2773583233356476,0.0510874316096305,0.4668082594871521,0.5299807190895081,0.2831102609634399,-0.2201869934797287,0.8073437213897705,0.522843599319458,0.28423872590065,0.0622226074337959,0.5065839886665344,0.5367095470428467,0.5640379190444946,-0.0575128011405468,0.9982925057411194,0.5083869695663452,0.5591384172439575,0.0576881393790245,0.9928244352340698,0.5233919024467468,0.6684664487838745,-0.0626757442951202,0.9773149490356444,0.4416372179985046,0.5988487005233765,0.0274112783372402,0.8981083631515503,0.5235243439674377,0.7646477222442627,-0.0100702289491891,0.9873080849647522,0.4942757487297058,0.6223676204681396,0.2102124243974685,0.5244826674461365,0.5251361727714539,0.7801775336265564,-0.0090633323416113,0.9413350820541382,0.5056474804878235,0.6199095249176025,0.22749063372612,0.6535202264785767,0.4997280538082123,0.7834375500679016,-0.0952096134424209,0.972111999988556,0.4907279014587402,0.6599799990653992,0.2205322682857513,0.5660536289215088,tree
0.5117558836936951,0.3946166038513183,-0.1486094295978546,0.9974122643470764,0.5164176225662231,0.386088103055954,-0.1446394473314285,0.9977079629898072,0.5187851786613464,0.3854269981384277,-0.1446628123521804,0.9970842003822328,0.5212957262992859,0.384730726480484,-0.1447480022907257,0.9981650710105896,0.5119022130966187,0.385928064584732,-0.1292327642440796,0.997153639793396,0.5109791159629822,0.3852253556251526,-0.1292685270309448,0.994479775428772,0.5100237131118774,0.384522944688797,-0.1293545514345169,0.996450901031494,0.5300742387771606,0.3842014074325561,-0.1028334349393844,0.9973570704460144,0.5161558389663696,0.3848313391208648,-0.0298018716275692,0.99664044380188,0.5177203416824341,0.4026364088058471,-0.1316176950931549,0.9951871633529664,0.5116774439811707,0.4018686711788177,-0.1106941550970077,0.991098701953888,0.5463035702705383,0.4167973101139068,-0.1113805919885635,0.9959105253219604,0.5144386291503906,0.4217432141304016,0.0274559147655963,0.9776602983474731,0.5366899371147156,0.3597780764102936,-0.1865131705999374,0.9859927296638488,0.5087202191352844,0.3551059663295746,0.0696990340948104,0.6078150272369385,0.530989408493042,0.2961905300617218,-0.1913061439990997,0.8991977572441101,0.5193642377853394,0.2966294586658478,0.0627328380942344,0.5650710463523865,0.5316684246063232,0.2748171091079712,-0.2104018628597259,0.8379948139190674,0.5228894352912903,0.2782576382160187,0.0488612875342369,0.4784030616283417,0.5305373072624207,0.2743624448776245,-0.2061876356601715,0.8192238211631775,0.5228105783462524,0.2778342366218567,0.0468968786299228,0.4575160443782806,0.5299935340881348,0.2826583981513977,-0.1914517432451248,0.7974550127983093,0.5220739245414734,0.2853662073612213,0.05729740858078,0.4978078603744507,0.5360125303268433,0.5638465285301208,-0.0558113269507885,0.9985918402671814,0.5090972781181335,0.5578193664550781,0.0559832230210304,0.9941113591194152,0.5235401391983032,0.670877993106842,-0.0642434954643249,0.9790862202644348,0.4438937306404114,0.5969961881637573,0.0229826215654611,0.896137535572052,0.523488461971283,0.7642490267753601,-0.0117586757987737,0.9869059920310974,0.491859495639801,0.6189976334571838,0.2168318033218383,0.487500250339508,0.524817168712616,0.780232846736908,-0.0103484122082591,0.9404128789901732,0.5024687647819519,0.6165769100189209,0.2358803451061248,0.6351450681686401,0.4994062483310699,0.7807415127754211,-0.0938492938876152,0.9717153906822203,0.488267719745636,0.6534960865974426,0.2341274321079254,0.536493718624115,tree
0.5100387334823608,0.392156571149826,-0.1210472136735916,0.9956349730491638,0.5147687792778015,0.3836717009544372,-0.1160308569669723,0.9962238073349,0.5169305801391602,0.3831849098205566,-0.1160538345575332,0.9952881336212158,0.519167423248291,0.3826926350593567,-0.1161276251077652,0.9970677495002748,0.5111647844314575,0.3836644887924194,-0.1006132811307907,0.9950656294822692,0.510708749294281,0.3831591010093689,-0.100634291768074,0.9906874299049376,0.510262131690979,0.3826311528682709,-0.1007140427827835,0.9939903020858764,0.5276584625244141,0.3834669888019562,-0.0773231908679008,0.9958750605583192,0.5158766508102417,0.3838063776493072,-0.0042001246474683,0.9939045310020448,0.5152790546417236,0.399776816368103,-0.1060193628072738,0.9926016926765442,0.5105069875717163,0.3989280462265014,-0.0850408151745796,0.9858779907226562,0.5455616116523743,0.4185019135475158,-0.0967523530125618,0.9957625269889832,0.5116592049598694,0.4248622357845306,0.044935829937458,0.968896508216858,0.5349235534667969,0.3582997322082519,-0.173855111002922,0.9843355417251588,0.5089823603630066,0.3542162179946899,0.0705335661768913,0.5760517120361328,0.5295226573944092,0.2978259623050689,-0.1729013472795486,0.8995049595832825,0.518593966960907,0.2976893782615661,0.0473862774670124,0.5518859028816223,0.5295236110687256,0.2764574587345123,-0.1922788172960281,0.8452539443969727,0.5220351219177246,0.2788580358028412,0.0303575042635202,0.4766269624233246,0.5286691784858704,0.27607262134552,-0.1879107803106308,0.8261216878890991,0.5222581624984741,0.2791404128074646,0.029015565291047,0.4560316503047943,0.5284559726715088,0.2843033969402313,-0.1730074137449264,0.8064357042312622,0.521601676940918,0.2858341038227081,0.0414109230041503,0.4921046495437622,0.5350140929222107,0.5649658441543579,-0.0565565451979637,0.9984433054924012,0.5075116753578186,0.560594379901886,0.0567191950976848,0.9923582673072816,0.5225366353988647,0.672490119934082,-0.0631949007511138,0.9772407412528992,0.4421375393867492,0.5977498888969421,0.0204603858292102,0.8798690438270569,0.5223988890647888,0.7677378058433533,-0.0132406949996948,0.9879745244979858,0.4971278309822082,0.6199319362640381,0.2051149308681488,0.4867550432682037,0.5238661170005798,0.7817729115486145,-0.0125504713505506,0.934025764465332,0.5078023672103882,0.616868257522583,0.2230567634105682,0.6266387701034546,0.4994965493679046,0.7848339080810547,-0.0983898863196373,0.9730015993118286,0.4982405304908752,0.655225932598114,0.2208453118801117,0.5499542951583862,tree
0.5108603239059448,0.3938303589820862,-0.1224245801568031,0.9971388578414916,0.5151316523551941,0.3851305842399597,-0.1194306015968322,0.9976308345794678,0.5172843933105469,0.384365439414978,-0.1194530352950096,0.9969050288200378,0.5195709466934204,0.3835862874984741,-0.1195297390222549,0.9981032609939576,0.5111469030380249,0.3853898048400879,-0.102576233446598,0.9966776371002196,0.510460615158081,0.3848491609096527,-0.1026002019643783,0.9935702085494996,0.5097683668136597,0.3842825293540954,-0.1026741489768028,0.996119737625122,0.5282644629478455,0.3826725780963897,-0.0840643048286438,0.9971810579299928,0.5160857439041138,0.3842343688011169,-0.0046664350666105,0.9960079193115234,0.5169492363929749,0.4014716744422912,-0.1079898029565811,0.994899332523346,0.5114402770996094,0.4010829329490661,-0.085225224494934,0.990509033203125,0.5468720197677612,0.415002703666687,-0.09745604544878,0.996696949005127,0.5151588320732117,0.4241343736648559,0.0460680946707725,0.9786363840103148,0.534805417060852,0.358204185962677,-0.1762581765651703,0.9844022989273072,0.5109148621559143,0.3512649536132812,0.0721321552991867,0.6066698431968689,0.5303832292556763,0.2970403134822845,-0.1771283596754074,0.9071223139762878,0.5191765427589417,0.2964607775211334,0.0452298298478126,0.5910006165504456,0.5315737724304199,0.2747798264026642,-0.1965037584304809,0.857389509677887,0.5233427286148071,0.2777237594127655,0.0283595528453588,0.5112122893333435,0.5303850769996643,0.2745496928691864,-0.1912855505943298,0.8397958874702454,0.5235191583633423,0.2779200375080108,0.0261819120496511,0.4924875199794769,0.5296584367752075,0.2827372252941131,-0.1767881214618683,0.8149936199188232,0.5225694179534912,0.2846174240112304,0.0389954410493373,0.5287657976150513,0.5358899831771851,0.5590136647224426,-0.0565398819744586,0.998735249042511,0.5103533864021301,0.5564685463905334,0.0567095205187797,0.9938620328903198,0.5237343907356262,0.6678913235664368,-0.0695247203111648,0.9759325981140136,0.4441393911838531,0.5985947847366333,0.0132987890392541,0.8998258709907532,0.5235804319381714,0.7615261673927307,-0.0205961354076862,0.9885268211364746,0.4996181130409241,0.6157838106155396,0.1970664262771606,0.5213624835014343,0.5254902243614197,0.7758961915969849,-0.0197554659098386,0.9377493858337402,0.5100110769271851,0.6121112704277039,0.2151959836483001,0.6498798131942749,0.4998698830604553,0.7790527939796448,-0.1037469282746315,0.9744073748588562,0.5059502124786377,0.6531755328178406,0.2138617932796478,0.569111704826355,tree
0.510805070400238,0.394050270318985,-0.1500539481639862,0.9974431991577148,0.5155883431434631,0.3850260376930237,-0.1458124816417694,0.9976218342781068,0.5178849697113037,0.3844097256660461,-0.1458330154418945,0.9969757795333862,0.5203098654747009,0.3837931454181671,-0.1459127515554428,0.9980629086494446,0.5112693905830383,0.3847989737987518,-0.1303892880678177,0.9969593286514282,0.5105101466178894,0.3840727806091308,-0.1304184794425964,0.9940845370292664,0.5097610950469971,0.3833453059196472,-0.1305006146430969,0.9961444139480592,0.5292914509773254,0.3833239376544952,-0.1030880436301231,0.997184693813324,0.5158107876777649,0.3835301399230957,-0.030075330287218,0.996349573135376,0.5164575576782227,0.402104914188385,-0.1326951086521148,0.9947404265403748,0.5107854604721069,0.4011009335517883,-0.1118162274360656,0.9904452562332152,0.5465787649154663,0.4162105321884155,-0.1139682680368423,0.9964555501937866,0.5136997103691101,0.4199451208114624,0.0285458676517009,0.97945636510849,0.5356908440589905,0.3614462316036224,-0.192646786570549,0.987506628036499,0.5081227421760559,0.3529453873634338,0.0702436789870262,0.6436693668365479,0.5307613015174866,0.2989340722560882,-0.1991303414106369,0.922941029071808,0.5183566808700562,0.2964348196983337,0.0637920051813125,0.6415342092514038,0.53078293800354,0.2776424586772918,-0.2187414467334747,0.8695332407951355,0.5219665169715881,0.2782796025276184,0.0500063896179199,0.5520322322845459,0.5298540592193604,0.2780170440673828,-0.2137659341096878,0.8545321226119995,0.5221064686775208,0.2782098650932312,0.0481623634696006,0.5310109257698059,0.5294607281684875,0.2848782837390899,-0.1990317702293396,0.8356295228004456,0.5214253067970276,0.285458356142044,0.0584038384258747,0.5667102932929993,0.5361036062240601,0.5639638900756836,-0.0566180534660816,0.9982841610908508,0.5091853141784668,0.5591495037078857,0.0567637756466865,0.9929085969924928,0.5235908031463623,0.6690390110015869,-0.0601099207997322,0.9709895849227904,0.4428611397743225,0.597793459892273,0.0223720166832208,0.8832272291183472,0.5234457850456238,0.7598243951797485,-0.0004389355308376,0.983646035194397,0.4963162839412689,0.6202306747436523,0.206551045179367,0.4888216555118561,0.5247764587402344,0.7758339047431946,0.0017742624040693,0.9282283186912536,0.5072620511054993,0.6169705986976624,0.2245606482028961,0.6321203708648682,0.5002351999282837,0.7792748212814331,-0.0800874754786491,0.9664446115493774,0.4940721094608307,0.6574395298957825,0.2213567495346069,0.5441786646842957,tree
0.510482668876648,0.3928114473819732,-0.096954233944416,0.9973944425582886,0.5144117474555969,0.3839395940303802,-0.0973002091050148,0.9983047246932985,0.5162131190299988,0.3835533559322357,-0.097323477268219,0.9979211688041688,0.5181258320808411,0.3831133842468261,-0.0973923206329345,0.9987449645996094,0.5117859840393066,0.3839969635009765,-0.0776900276541709,0.9973710775375366,0.5115970373153687,0.3837159276008606,-0.0776981636881828,0.9946200847625732,0.5113945007324219,0.3832964897155761,-0.0777618512511253,0.9966697096824646,0.5265746712684631,0.3832079172134399,-0.0781276747584343,0.9978984594345092,0.517586886882782,0.3835750222206116,0.0131360767409205,0.9961578249931335,0.5154009461402893,0.4003854393959045,-0.0884926840662956,0.9957064986228944,0.5114837884902954,0.4003095030784607,-0.0622909069061279,0.9899476170539856,0.545289158821106,0.4174138605594635,-0.1021998971700668,0.997404158115387,0.5152581930160522,0.4267144203186035,0.0655716061592102,0.9705525636672974,0.532930314540863,0.3641054928302765,-0.181498721241951,0.983343541622162,0.5112611651420593,0.3521155714988708,0.0977041572332382,0.4026212394237518,0.5294010639190674,0.3022809326648712,-0.1854370385408401,0.9179224967956544,0.5181753635406494,0.296900063753128,0.058909960091114,0.4793851971626282,0.530147910118103,0.2807433307170868,-0.2054465264081955,0.8863626718521118,0.5214536786079407,0.2802146375179291,0.0411320477724075,0.4414151608943939,0.5293466448783875,0.2790172398090362,-0.2039487659931183,0.8723483085632324,0.5212100744247437,0.277642548084259,0.0371107049286365,0.4270353317260742,0.5285460948944092,0.2861437499523163,-0.1860644072294235,0.8465175628662109,0.5206804275512695,0.2858547270298004,0.0515857711434364,0.4590369462966919,0.5356371402740479,0.5605869293212891,-0.0597722046077251,0.9989319443702698,0.5110229849815369,0.5582293272018433,0.0598988756537437,0.9915680289268494,0.5239607095718384,0.6704725623130798,-0.0601066276431083,0.9764863848686218,0.446258008480072,0.600053608417511,0.0356043986976146,0.8412489295005798,0.5212904214859009,0.7656105756759644,-0.0217544194310903,0.9904605746269226,0.5053346753120422,0.6165347695350647,0.2190463244915008,0.3673308193683624,0.524050772190094,0.7805899381637573,-0.0221746359020471,0.9267879724502563,0.5137602686882019,0.609514594078064,0.2373591363430023,0.5579254031181335,0.494314968585968,0.7799841165542603,-0.1048224419355392,0.9759313464164734,0.5145984888076782,0.6403939127922058,0.2433975934982299,0.4519928693771362,tree
0.5092786550521851,0.3941313922405243,-0.112507663667202,0.9968253374099731,0.5134717226028442,0.3855199813842773,-0.1104249730706214,0.9973475933074952,0.5154961943626404,0.3847537636756897,-0.1104448065161705,0.9966700673103333,0.5176289677619934,0.3839044570922851,-0.1105199828743934,0.9979422688484192,0.5102237462997437,0.385551244020462,-0.0937265902757644,0.9962071180343628,0.5098702907562256,0.384866863489151,-0.0937454923987388,0.9925891160964966,0.5095115900039673,0.3841161727905273,-0.0938229039311409,0.9953082203865052,0.5267456769943237,0.3826590478420257,-0.0786603987216949,0.9969775676727296,0.5155891180038452,0.3846321105957031,-7.002123311394826e-05,0.9956682920455932,0.514549970626831,0.4014441668987274,-0.0992850661277771,0.9949474334716796,0.5101962089538574,0.4008689820766449,-0.076766550540924,0.9900513291358948,0.5451197624206543,0.4141799211502075,-0.093369647860527,0.9975051283836364,0.5137683749198914,0.424564927816391,0.0492894500494003,0.9807671308517456,0.5326889157295227,0.3616602718830108,-0.1646774411201477,0.9846705198287964,0.5098130702972412,0.3515539765357971,0.0809926316142082,0.570564866065979,0.5289540886878967,0.3000933229923248,-0.1615992784500122,0.9179572463035583,0.519437313079834,0.2972162663936615,0.0638005435466766,0.5615357756614685,0.528907299041748,0.2804130017757416,-0.1796921044588089,0.8764689564704895,0.5227953195571899,0.2791051864624023,0.0478885620832443,0.4868527948856354,0.5283993482589722,0.2801694571971893,-0.1763919591903686,0.8614479899406433,0.5228126645088196,0.2793458998203277,0.0469009093940258,0.4667738676071167,0.5280165672302246,0.2871007621288299,-0.1618418246507644,0.8407942056655884,0.5220466256141663,0.2857737839221954,0.058105431497097,0.5020090937614441,0.5358577370643616,0.5624075531959534,-0.0560150444507598,0.9988130331039428,0.5095734000205994,0.5594972968101501,0.0561852939426898,0.9944224953651428,0.5230251550674438,0.669783353805542,-0.064898706972599,0.975267231464386,0.4445809423923492,0.6007856726646423,0.0177324973046779,0.8862487077713013,0.5228694677352905,0.761598527431488,-0.016905166208744,0.9872100353240968,0.499460220336914,0.6173335909843445,0.2037356793880462,0.4932774901390075,0.5241077542304993,0.7772813439369202,-0.0160671882331371,0.9345280528068542,0.5089478492736816,0.6135207414627075,0.2221293747425079,0.6380804777145386,0.5001472234725952,0.7814182043075562,-0.0987679362297058,0.9725931286811828,0.5028408169746399,0.6565985083580017,0.2235522717237472,0.5586432814598083,tree
0.5089206099510193,0.3958044648170471,-0.0840484499931335,0.9961646795272828,0.5127653479576111,0.3867117762565613,-0.0895873829722404,0.997654378414154,0.5143898725509644,0.386283129453659,-0.0895997658371925,0.99711811542511,0.5161771774291992,0.3857704997062683,-0.0896608084440231,0.9983859062194824,0.5105771422386169,0.3865689039230346,-0.0684882029891014,0.995947539806366,0.5106087327003479,0.3861004412174225,-0.0685001611709594,0.9918973445892334,0.510631799697876,0.3855918049812317,-0.0685695111751556,0.9952281713485718,0.5254351496696472,0.3844808936119079,-0.0859402567148208,0.9976060390472412,0.517718493938446,0.3854653239250183,0.0120074590668082,0.9954723119735718,0.5137307643890381,0.4023376107215881,-0.0805018544197082,0.9956167936325072,0.510689914226532,0.4022136628627777,-0.052435390651226,0.9888908863067628,0.5466630458831787,0.4155710935592651,-0.1044949144124984,0.997941553592682,0.5159363746643066,0.425437182188034,0.0585531890392303,0.9782317280769348,0.532545268535614,0.360690176486969,-0.1615222096443176,0.9871830940246582,0.5111527442932129,0.3538349866867065,0.0891127064824104,0.5146050453186035,0.5283857583999634,0.3009461164474487,-0.1317863762378692,0.9367600083351136,0.5187093615531921,0.2997521460056305,0.0521566346287727,0.530587911605835,0.5294954776763916,0.2812205255031585,-0.1465551853179931,0.9095873832702636,0.5222396850585938,0.2826493084430694,0.0335388928651809,0.4636600017547607,0.5290200114250183,0.2805956602096557,-0.1453845351934433,0.8983721137046814,0.5222713947296143,0.2803594470024109,0.0316288508474826,0.4482651352882385,0.5282094478607178,0.2872353792190552,-0.1315458863973617,0.8769850134849548,0.5215799808502197,0.2866522371768951,0.0453043840825557,0.4745481610298157,0.5363555550575256,0.5634998679161072,-0.0592981055378913,0.9988566637039183,0.5109128952026367,0.5596069097518921,0.059412382543087,0.9919711351394652,0.5235752463340759,0.6715722680091858,-0.0623326301574707,0.9756215810775756,0.4469621777534485,0.6004777550697327,0.0283956639468669,0.8368076682090759,0.5220391750335693,0.7641789317131042,-0.0226385258138179,0.9895949363708496,0.5069140195846558,0.6165289282798767,0.2056162804365158,0.3899664580821991,0.5235951542854309,0.7776411771774292,-0.0226522181183099,0.925792634487152,0.5155521035194397,0.6095687747001648,0.2237832099199295,0.5803264379501343,0.4964544177055359,0.7800037264823914,-0.1030343323945999,0.9750746488571168,0.5135080218315125,0.6467974185943604,0.2303781062364578,0.4893131852149963,tree
0.5112865567207336,0.3977575302124023,-0.107676014304161,0.9983471632003784,0.5152103900909424,0.3889856040477752,-0.1085227280855178,0.9988307356834412,0.5172162652015686,0.3886932730674743,-0.1085431799292564,0.9984734654426576,0.5193526148796082,0.3883938193321228,-0.108609102666378,0.9991414546966552,0.511935293674469,0.3882162868976593,-0.0899923369288444,0.997956395149231,0.5115403532981873,0.3874192833900451,-0.0900095179677009,0.9955981373786926,0.5111634135246277,0.3865867853164673,-0.0900904312729835,0.9974364638328552,0.5276517868041992,0.3873153328895569,-0.0842735916376113,0.9986567497253418,0.5173113942146301,0.3857351243495941,0.0014965051086619,0.9977293610572816,0.5163062214851379,0.4050077199935913,-0.0966263487935066,0.9980206489562988,0.5119884014129639,0.4041494727134704,-0.0721630454063415,0.9954363703727722,0.5452702641487122,0.4222882390022278,-0.1004252806305885,0.9985126852989196,0.5175200700759888,0.4197291731834411,0.0551248267292976,0.9886360168457032,0.535599410533905,0.3708902299404144,-0.1704671382904052,0.9879758954048156,0.5117081999778748,0.3499571979045868,0.0935318917036056,0.6632241606712341,0.530442476272583,0.3094610571861267,-0.1725231260061264,0.9450586438179016,0.5195980072021484,0.2989764809608459,0.0815802812576294,0.6760931015014648,0.5312098860740662,0.2860114872455597,-0.1912018060684204,0.918528139591217,0.5241020917892456,0.2821155190467834,0.0653900280594825,0.5902569890022278,0.5301366448402405,0.285246729850769,-0.1915258765220642,0.9093156456947328,0.524271547794342,0.2812159359455108,0.0639613196253776,0.5717073082923889,0.5295395255088806,0.2939355075359344,-0.1737953573465347,0.889625608921051,0.5231910347938538,0.2869697511196136,0.0757645145058631,0.5995599627494812,0.5364904403686523,0.5640195608139038,-0.0576428659260273,0.999121367931366,0.5119126439094543,0.5606643557548523,0.0577843077480793,0.9939992427825928,0.5249025821685791,0.6750209927558899,-0.0638668984174728,0.9689333438873292,0.4471747279167175,0.5998259782791138,0.0247529186308383,0.847898542881012,0.5221535563468933,0.7652367949485779,-0.0057916045188903,0.9845484495162964,0.5061509609222412,0.6146408915519714,0.2137273252010345,0.3474755883216858,0.5247889757156372,0.7803348302841187,-0.0035773231647908,0.916550874710083,0.516785204410553,0.605526328086853,0.2330449372529983,0.579404890537262,0.4973701536655426,0.7813501358032227,-0.0827820152044296,0.965128481388092,0.5160461664199829,0.6369794011116028,0.2389498651027679,0.4275977611541748,tree
0.5083521604537964,0.3932152092456817,-0.1025898680090904,0.9964545965194702,0.5126878023147583,0.3847978711128235,-0.1016335114836692,0.9972368478775024,0.5146622061729431,0.3841506242752075,-0.1016433089971542,0.9965075850486756,0.5167825818061829,0.3834367990493774,-0.1017054915428161,0.997905969619751,0.5097818374633789,0.3847638368606567,-0.0845869928598404,0.9959388971328736,0.5095780491828918,0.3841177225112915,-0.0846119374036789,0.9922518134117126,0.509368360042572,0.3834228515625,-0.0846921727061271,0.995341420173645,0.5260104537010193,0.3831586837768554,-0.0742369517683982,0.996859073638916,0.5156252980232239,0.384480208158493,0.0055827661417424,0.995299220085144,0.5133998394012451,0.4010599255561828,-0.0909264981746673,0.9947794675827026,0.5096432566642761,0.4001774191856384,-0.0680928006768226,0.9896392822265624,0.544549286365509,0.4154928624629974,-0.0889180228114128,0.9975353479385376,0.5123467445373535,0.4243562817573547,0.0536884553730487,0.9785752296447754,0.5327812433242798,0.3627328872680664,-0.1529619097709655,0.9848531484603882,0.5104441046714783,0.3523468673229217,0.0789175108075141,0.5979735255241394,0.5299956798553467,0.3001035153865814,-0.1381306499242782,0.9167235493659972,0.5207528471946716,0.2983369529247284,0.0549064986407756,0.5653907656669617,0.530562162399292,0.2806384861469269,-0.1539116352796554,0.8766831755638123,0.5247113704681396,0.2805404663085937,0.037756823003292,0.4843147099018097,0.5297890305519104,0.2805289626121521,-0.1510734856128692,0.8612831830978394,0.524558424949646,0.2803311347961426,0.0374265015125274,0.4651564359664917,0.5294203162193298,0.2870145738124847,-0.138043612241745,0.8400097489356995,0.5238313674926758,0.2873419821262359,0.0493154078722,0.4948538541793823,0.5366712212562561,0.5616304874420166,-0.0584755428135395,0.9986653327941896,0.5101357698440552,0.5584567189216614,0.0586570277810096,0.992603361606598,0.5225898027420044,0.6688023805618286,-0.0652186423540115,0.9727342128753662,0.4467269778251648,0.601051926612854,0.0233276523649692,0.8431583642959595,0.5220351815223694,0.7641726732254028,-0.0352090932428836,0.9883949756622314,0.5046979784965515,0.6136893033981323,0.1939432322978973,0.4566511213779449,0.5232465863227844,0.7775430679321289,-0.0365170054137706,0.9351103901863098,0.5136417150497437,0.6090415120124817,0.2108032405376434,0.6129236817359924,0.4973263144493103,0.7825878858566284,-0.1215918511152267,0.974943995475769,0.5117536187171936,0.6508684158325195,0.212035983800888,0.5409544706344604,tree
0.5107346773147583,0.3947101831436157,-0.1287169754505157,0.9949736595153807,0.5154081583023071,0.385474145412445,-0.1243489012122154,0.9955886602401732,0.5175488591194153,0.384870320558548,-0.1243728026747703,0.9945408701896667,0.5198196172714233,0.3842540383338928,-0.1244561895728111,0.9967365860939026,0.5116824507713318,0.3853293061256408,-0.1088763326406478,0.994426965713501,0.5111228823661804,0.3846837878227234,-0.1088921576738357,0.988808810710907,0.5105789303779602,0.3839972615242004,-0.1089637130498886,0.9927207231521606,0.528485119342804,0.3843837380409241,-0.0848725289106369,0.9948711395263672,0.516189455986023,0.3849723935127258,-0.0118146352469921,0.9921754002571106,0.5158216953277588,0.4027932286262512,-0.1130672916769981,0.989286243915558,0.5109625458717346,0.4019326567649841,-0.0921157374978065,0.980160653591156,0.5462114214897156,0.4199140667915344,-0.0990611687302589,0.995322048664093,0.5133978724479675,0.4273576140403747,0.0457589291036129,0.959055721759796,0.5361954569816589,0.3671143352985382,-0.1742847263813018,0.9846588373184204,0.5096337795257568,0.3566306233406067,0.0903453901410102,0.4598331749439239,0.5298346877098083,0.3034450709819793,-0.1753333657979965,0.8986877799034119,0.5189944505691528,0.3031441271305084,0.085370622575283,0.4320191740989685,0.5309174656867981,0.2840204536914825,-0.193211480975151,0.8456852436065674,0.5233160257339478,0.2836867868900299,0.072446160018444,0.3738621473312378,0.5300137996673584,0.283412903547287,-0.1886771768331527,0.8270916938781738,0.5234153866767883,0.2841205298900604,0.0712864622473716,0.3556928634643554,0.5294391512870789,0.2900551855564117,-0.1750982105731964,0.8039100170135498,0.5225641131401062,0.290713220834732,0.0800604298710823,0.396265834569931,0.5379520058631897,0.5635312795639038,-0.0579617097973823,0.9981362819671632,0.510317325592041,0.5598505139350891,0.0581541843712329,0.9913992881774902,0.5234470963478088,0.6697691679000854,-0.0624947622418403,0.9663971066474916,0.4471384584903717,0.5993611216545105,0.0224170461297035,0.819943368434906,0.5214297771453857,0.7621378302574158,-0.0230499301105737,0.983651876449585,0.5018051862716675,0.6238787770271301,0.1913065910339355,0.4495764672756195,0.5214481353759766,0.7732862830162048,-0.0232652984559535,0.9222753643989564,0.5109238028526306,0.6181236505508423,0.207236647605896,0.6010104417800903,0.5030400156974792,0.7798919677734375,-0.1085094437003135,0.9661718010902404,0.4987080097198486,0.6594635844230652,0.2005792558193206,0.5223474502563477,tree
0.5093244910240173,0.3949711918830871,-0.0995314195752143,0.9970247149467468,0.5135118365287781,0.3859504461288452,-0.0981545001268386,0.99782133102417,0.5155954957008362,0.3853943645954132,-0.0981617644429206,0.9971837401390076,0.5178554058074951,0.3847909569740295,-0.098227322101593,0.9984858632087708,0.5104092359542847,0.3860267400741577,-0.0812915712594986,0.9967926144599916,0.5101137757301331,0.3855684399604797,-0.0813067629933357,0.9933509230613708,0.5098344087600708,0.3850529789924621,-0.0813687294721603,0.9962190985679626,0.5272980332374573,0.3842041790485382,-0.0692237913608551,0.9976900815963744,0.5167030692100525,0.3851285576820373,0.0100246481597423,0.996077835559845,0.5147116184234619,0.4018093645572662,-0.0874448046088218,0.9957323670387268,0.5104723572731018,0.4017519354820251,-0.0648019686341285,0.9909180402755736,0.5466676354408264,0.4177881479263305,-0.0808470770716667,0.9976537823677064,0.5137982368469238,0.4272629022598266,0.0597526840865612,0.9784360527992249,0.5347679853439331,0.3630788028240204,-0.140690416097641,0.98708838224411,0.510111927986145,0.3555740714073181,0.0844382494688034,0.6395877599716187,0.5305213928222656,0.3021405935287475,-0.119391068816185,0.916580617427826,0.5201015472412109,0.3039956390857696,0.0632691457867622,0.5262771248817444,0.5320990681648254,0.2823367714881897,-0.133282259106636,0.8719879984855652,0.525080144405365,0.2864536046981811,0.045950524508953,0.4190787971019745,0.531159520149231,0.2824310660362243,-0.1297480762004852,0.8556978702545166,0.5253422856330872,0.2862177789211273,0.0485308691859245,0.3958598971366882,0.5301728248596191,0.2878619432449341,-0.1188066825270652,0.8323800563812256,0.524183452129364,0.2919024229049682,0.0586114935576915,0.426240473985672,0.5370573401451111,0.5599767565727234,-0.0570264942944049,0.9988503456115724,0.5110807418823242,0.5573880076408386,0.0571862049400806,0.9933369159698486,0.5236668586730957,0.669335126876831,-0.0676511004567146,0.973373532295227,0.448185920715332,0.6002506613731384,0.0133288847282528,0.8548177480697632,0.5224874019622803,0.7625480890274048,-0.039635382592678,0.988023281097412,0.5051257610321045,0.6195303797721863,0.18845134973526,0.4385924041271209,0.5239415764808655,0.7767515182495117,-0.0409070998430252,0.9217078685760498,0.5141565203666687,0.6129614114761353,0.2059659510850906,0.5976599454879761,0.4993019998073578,0.7799310088157654,-0.1264466047286987,0.9730367064476012,0.5114663243293762,0.6546086072921753,0.2059753388166427,0.520434558391571,tree
0.508152186870575,0.3922186493873596,-0.121913768351078,0.9958674907684326,0.512676477432251,0.3836176991462707,-0.1193553805351257,0.9961315393447876,0.5145972371101379,0.3830552697181701,-0.1193674355745315,0.995116114616394,0.5166252851486206,0.3824255764484405,-0.1194362491369247,0.9969659447669984,0.5098580718040466,0.3833948373794555,-0.1023601666092872,0.9952621459960938,0.5096744298934937,0.3827435672283172,-0.102375790476799,0.9908664226531982,0.5094873905181885,0.3820508420467376,-0.1024514660239219,0.9940820336341858,0.5259239673614502,0.3827792704105377,-0.0866266936063766,0.994769275188446,0.5156040191650391,0.3836327195167541,-0.0064769377931952,0.9930118918418884,0.5128827095031738,0.4004630446434021,-0.1087812557816505,0.9900431632995604,0.5091342926025391,0.3995048105716705,-0.0857540294528007,0.98258638381958,0.5436822772026062,0.4171841740608215,-0.1023741215467453,0.9952110648155212,0.5132321119308472,0.425685703754425,0.0497630275785923,0.9657047986984252,0.5334638357162476,0.3681036233901977,-0.1683753281831741,0.9839778542518616,0.5103201866149902,0.3573172688484192,0.0859660282731056,0.523435115814209,0.5294919013977051,0.3046938180923462,-0.1587005257606506,0.9161686897277832,0.5204618573188782,0.3006861805915832,0.0622573979198932,0.5585675835609436,0.5303841233253479,0.2850323319435119,-0.1765291392803192,0.8714259266853333,0.5244414210319519,0.2814356982707977,0.0466476529836654,0.4864049553871155,0.529650092124939,0.2837100625038147,-0.1735406666994094,0.8561543226242065,0.5241782069206238,0.280432254076004,0.0436119772493839,0.4677725434303283,0.5292802453041077,0.2905736565589905,-0.1590013802051544,0.8375287055969238,0.5235305428504944,0.288197249174118,0.055602453649044,0.5045759677886963,0.5363750457763672,0.564640462398529,-0.0612714514136314,0.9981310963630676,0.5102218985557556,0.5615308880805969,0.0614394918084144,0.9919883012771606,0.5236407518386841,0.6675122976303101,-0.064407967031002,0.9797067642211914,0.4459018111228943,0.5992082357406616,0.0274339951574802,0.8712925910949707,0.522504985332489,0.7658855319023132,-0.0337063148617744,0.9890032410621644,0.4978712201118469,0.6225070357322693,0.2025561779737472,0.4939372837543487,0.5243724584579468,0.7804303765296936,-0.0350360162556171,0.9363242983818054,0.5065572261810303,0.6192737221717834,0.21947081387043,0.6325465440750122,0.5003199577331543,0.7852898836135864,-0.1203672885894775,0.9762479662895204,0.4973607659339905,0.6451553106307983,0.2200821936130523,0.5805848240852356,tree
0.5088310837745667,0.3970778584480285,-0.0948866531252861,0.9983173608779908,0.5124073624610901,0.388035774230957,-0.0963968560099601,0.998753309249878,0.5141388773918152,0.387555181980133,-0.0964096337556839,0.9983500242233276,0.516052782535553,0.3869996070861816,-0.0964728668332099,0.9991317391395568,0.509991466999054,0.3879351913928985,-0.0768730118870735,0.9980762004852296,0.5099401473999023,0.3874635994434356,-0.0768862292170524,0.9958581328392028,0.5098909139633179,0.3869621157646179,-0.0769537836313247,0.9977033734321594,0.5252108573913574,0.3860785663127899,-0.078826680779457,0.9985101819038392,0.5168300271034241,0.3870335221290588,0.0121748950332403,0.997639298439026,0.5140755772590637,0.4039118885993957,-0.0869629383087158,0.9975996613502502,0.510665237903595,0.4038117527961731,-0.0609165206551551,0.994718372821808,0.5457760095596313,0.4207360446453094,-0.0939473360776901,0.9984149932861328,0.5153563618659973,0.4287514686584472,0.0626700446009635,0.987524390220642,0.535717248916626,0.3671716451644897,-0.1506464034318924,0.9880350232124328,0.5120556354522705,0.3529468178749084,0.1013086587190628,0.6084896326065063,0.5294786095619202,0.3032886683940887,-0.1307437866926193,0.934794008731842,0.5199315547943115,0.3026323020458221,0.0839757397770881,0.5618825554847717,0.5318170189857483,0.2847877442836761,-0.1464910060167312,0.906022310256958,0.5250326991081238,0.2855840623378753,0.0666086375713348,0.4697082042694092,0.5308718085289001,0.2842446565628052,-0.1470059752464294,0.8950200080871582,0.525017499923706,0.2847481071949005,0.0673828572034835,0.44853475689888,0.5296478867530823,0.2897189557552337,-0.1317795068025589,0.8721749782562256,0.5236603617668152,0.2920947074890136,0.0784812346100807,0.480088323354721,0.5369934439659119,0.5643192529678345,-0.0572943575680255,0.9993224143981934,0.510903000831604,0.559954047203064,0.057414524257183,0.9957796335220336,0.5245654582977295,0.6713742613792419,-0.0620944499969482,0.9764763712882996,0.4469173550605774,0.6001371741294861,0.0227570887655019,0.8675153255462646,0.522578239440918,0.7615678906440735,-0.0176093876361846,0.9894194602966307,0.5050873160362244,0.6180956959724426,0.2140523493289947,0.4245796203613281,0.524201512336731,0.7747229933738708,-0.0169108007103204,0.9263701438903807,0.5148441195487976,0.6108127236366272,0.2335153818130493,0.6058587431907654,0.49983811378479,0.7796171307563782,-0.0993238240480423,0.9762791395187378,0.5105289220809937,0.647208571434021,0.2383347451686859,0.525067925453186,tree
